*ANINAME "STAND"
{
*SCENE {
	*SCENE_TRANSITION 1
	*SCENE_FIRSTFRAME 0
	*SCENE_LASTFRAME 24
	*SCENE_FRAMESPEED 30
	*SCENE_TICKSPERFRAME 160
}
*MeshTM
{
*NODE_TM {
		*NODE_NAME "Object02"
		*INHERIT_POS 0 0 0
		*INHERIT_ROT 0 0 0
		*INHERIT_SCL 0 0 0
		*TM_ROW0 0.9118	0.0000	0.0000
		*TM_ROW1 0.0000	0.9118	0.0000
		*TM_ROW2 0.0000	0.0000	0.8668
		*TM_ROW3 0.0050	1.3822	5.7330
		*TM_POS 0.0050	1.3822	5.7330
		*TM_ROTAXIS 0.0000	0.0000	0.0000
		*TM_ROTANGLE 0.0000
		*TM_SCALE 0.9118	0.9118	0.8668
		*TM_SCALEAXIS 0.0000	0.0000	0.0000
		*TM_SCALEAXISANG 0.0000
	}
*NODE_TM {
		*NODE_NAME "Object06"
		*INHERIT_POS 0 0 0
		*INHERIT_ROT 0 0 0
		*INHERIT_SCL 0 0 0
		*TM_ROW0 0.9118	0.0000	0.0000
		*TM_ROW1 0.0000	0.9118	0.0000
		*TM_ROW2 0.0000	0.0000	0.8668
		*TM_ROW3 0.0000	0.0000	0.0000
		*TM_POS 0.0000	0.0000	0.0000
		*TM_ROTAXIS 0.0000	0.0000	0.0000
		*TM_ROTANGLE 0.0000
		*TM_SCALE 0.9118	0.9118	0.8668
		*TM_SCALEAXIS 0.0000	0.0000	0.0000
		*TM_SCALEAXISANG 0.0000
	}
*NODE_TM {
		*NODE_NAME "Object08"
		*INHERIT_POS 0 0 0
		*INHERIT_ROT 0 0 0
		*INHERIT_SCL 0 0 0
		*TM_ROW0 0.9118	0.0000	0.0000
		*TM_ROW1 0.0000	0.9118	0.0000
		*TM_ROW2 0.0000	0.0000	0.8668
		*TM_ROW3 0.0050	1.3822	5.7330
		*TM_POS 0.0050	1.3822	5.7330
		*TM_ROTAXIS 0.0000	0.0000	0.0000
		*TM_ROTANGLE 0.0000
		*TM_SCALE 0.9118	0.9118	0.8668
		*TM_SCALEAXIS 0.0000	0.0000	0.0000
		*TM_SCALEAXISANG 0.0000
	}
*NODE_TM {
		*NODE_NAME "Object09"
		*INHERIT_POS 0 0 0
		*INHERIT_ROT 0 0 0
		*INHERIT_SCL 0 0 0
		*TM_ROW0 0.9118	0.0000	0.0000
		*TM_ROW1 0.0000	0.9118	0.0000
		*TM_ROW2 0.0000	0.0000	0.8668
		*TM_ROW3 0.0050	1.3822	5.7330
		*TM_POS 0.0050	1.3822	5.7330
		*TM_ROTAXIS 0.0000	0.0000	0.0000
		*TM_ROTANGLE 0.0000
		*TM_SCALE 0.9118	0.9118	0.8668
		*TM_SCALEAXIS 0.0000	0.0000	0.0000
		*TM_SCALEAXISANG 0.0000
	}
*NODE_TM {
		*NODE_NAME "sword"
		*INHERIT_POS 0 0 0
		*INHERIT_ROT 0 0 0
		*INHERIT_SCL 0 0 0
		*TM_ROW0 -323.3956	-63.3455	-793.4697
		*TM_ROW1 1.4900	-1019.1787	80.7574
		*TM_ROW2 -921.9477	28.2478	373.5045
		*TM_ROW3 -2.1079	-2.6382	-0.2721
		*TM_POS -2.1079	-2.6382	-0.2721
		*TM_ROTAXIS 0.5581	-0.0324	-0.8292
		*TM_ROTANGLE 3.1869
		*TM_SCALE 859.1808	1022.3743	995.1337
		*TM_SCALEAXIS 0.0000	0.0000	0.0000
		*TM_SCALEAXISANG 0.0000
	}
}
*BipTM
{
*NODE_TM {
		*NODE_NAME "Bip01"
		*INHERIT_POS 0 0 0
		*INHERIT_ROT 0 0 0
		*INHERIT_SCL 1 1 1
		*TM_ROW0 0.9659	-0.2588	-0.0000
		*TM_ROW1 0.2588	0.9659	0.0000
		*TM_ROW2 0.0000	-0.0000	1.0000
		*TM_ROW3 0.0090	1.0037	8.6135
		*TM_POS 0.0090	1.0037	8.6135
		*TM_ROTAXIS -0.0000	-0.0000	1.0000
		*TM_ROTANGLE 0.2618
		*TM_SCALE 1.0000	1.0000	1.0000
		*TM_SCALEAXIS 0.0000	0.0000	0.0000
		*TM_SCALEAXISANG 0.0000
	}
*NODE_TM {
		*NODE_NAME "Bip01 Footsteps"
		*INHERIT_POS 1 1 1
		*INHERIT_ROT 1 1 1
		*INHERIT_SCL 1 1 1
		*TM_ROW0 1.0000	0.0000	0.0000
		*TM_ROW1 0.0000	1.0000	0.0000
		*TM_ROW2 0.0000	0.0000	1.0000
		*TM_ROW3 0.0090	1.0037	0.0073
		*TM_POS 0.0090	1.0037	0.0073
		*TM_ROTAXIS 0.0000	0.0000	0.0000
		*TM_ROTANGLE 0.0000
		*TM_SCALE 1.0000	1.0000	1.0000
		*TM_SCALEAXIS 0.0000	0.0000	0.0000
		*TM_SCALEAXISANG 0.0000
	}
*NODE_TM {
		*NODE_NAME "Bip01 Pelvis"
		*INHERIT_POS 0 0 0
		*INHERIT_ROT 0 0 0
		*INHERIT_SCL 1 1 1
		*TM_ROW0 -0.0000	-0.0000	1.0000
		*TM_ROW1 0.7101	-0.7041	-0.0000
		*TM_ROW2 0.7041	0.7101	0.0000
		*TM_ROW3 0.0090	1.0037	8.6135
		*TM_POS 0.0090	1.0037	8.6135
		*TM_ROTAXIS -0.6783	-0.2826	-0.6783
		*TM_ROTANGLE 3.6925
		*TM_SCALE 1.0000	1.0000	1.0000
		*TM_SCALEAXIS -1.0000	0.0000	0.0000
		*TM_SCALEAXISANG 0.3067
	}
*NODE_TM {
		*NODE_NAME "Bip01 Spine"
		*INHERIT_POS 0 0 0
		*INHERIT_ROT 0 0 0
		*INHERIT_SCL 1 1 1
		*TM_ROW0 0.0193	-0.0056	0.9998
		*TM_ROW1 0.6426	-0.7660	-0.0167
		*TM_ROW2 0.7659	0.6428	-0.0112
		*TM_ROW3 -0.0700	1.0255	9.3218
		*TM_POS -0.0700	1.0255	9.3218
		*TM_ROTAXIS -0.6914	-0.2452	-0.6796
		*TM_ROTANGLE 3.6388
		*TM_SCALE 1.0000	1.0000	1.0000
		*TM_SCALEAXIS 0.0000	0.0000	0.0000
		*TM_SCALEAXISANG 0.0000
	}
*NODE_TM {
		*NODE_NAME "Bip01 Spine1"
		*INHERIT_POS 0 0 0
		*INHERIT_ROT 0 0 0
		*INHERIT_SCL 1 1 1
		*TM_ROW0 -0.0480	0.0745	0.9961
		*TM_ROW1 0.6867	-0.7217	0.0871
		*TM_ROW2 0.7254	0.6881	-0.0166
		*TM_ROW3 -0.0438	1.0185	10.7224
		*TM_POS -0.0438	1.0185	10.7224
		*TM_ROTAXIS -0.6682	-0.3009	-0.6805
		*TM_ROTANGLE 3.6081
		*TM_SCALE 1.0000	1.0000	1.0000
		*TM_SCALEAXIS 0.9731	-0.0000	-0.2302
		*TM_SCALEAXISANG 0.7958
	}
*NODE_TM {
		*NODE_NAME "Bip01 Neck"
		*INHERIT_POS 0 0 0
		*INHERIT_ROT 0 0 0
		*INHERIT_SCL 1 1 1
		*TM_ROW0 -0.0485	0.0743	0.9961
		*TM_ROW1 -0.0274	-0.9970	0.0730
		*TM_ROW2 0.9984	-0.0237	0.0504
		*TM_ROW3 -0.2657	1.3015	12.7488
		*TM_POS -0.2657	1.3015	12.7488
		*TM_ROTAXIS -0.6893	-0.0170	-0.7243
		*TM_ROTANGLE 3.0713
		*TM_SCALE 1.0000	1.0000	1.0000
		*TM_SCALEAXIS -0.8065	-0.0000	0.5912
		*TM_SCALEAXISANG 0.0440
	}
*NODE_TM {
		*NODE_NAME "Bip01 Head"
		*INHERIT_POS 0 0 0
		*INHERIT_ROT 0 0 0
		*INHERIT_SCL 1 1 1
		*TM_ROW0 0.0053	-0.0014	1.0000
		*TM_ROW1 -0.0000	-1.0000	-0.0014
		*TM_ROW2 1.0000	0.0000	-0.0053
		*TM_ROW3 -0.2918	1.3416	13.2857
		*TM_POS -0.2918	1.3416	13.2857
		*TM_ROTAXIS -0.7090	0.0005	-0.7052
		*TM_ROTANGLE 3.1426
		*TM_SCALE 1.0000	1.0000	1.0000
		*TM_SCALEAXIS -0.0000	-0.9927	-0.1202
		*TM_SCALEAXISANG 0.0094
	}
*NODE_TM {
		*NODE_NAME "Bip01 Bone11"
		*INHERIT_POS 0 0 0
		*INHERIT_ROT 0 0 0
		*INHERIT_SCL 0 0 0
		*TM_ROW0 -0.1895	-0.1952	-0.3295
		*TM_ROW1 0.8902	-0.1243	-0.4383
		*TM_ROW2 0.1044	-0.8809	0.4617
		*TM_ROW3 -0.9107	0.1860	15.3509
		*TM_POS -0.9107	0.1860	15.3509
		*TM_ROTAXIS 0.2656	0.5254	-0.8083
		*TM_ROTANGLE 4.1264
		*TM_SCALE 0.4273	1.0000	1.0000
		*TM_SCALEAXIS 1.0000	-0.0000	-0.0000
		*TM_SCALEAXISANG 0.1949
	}
*NODE_TM {
		*NODE_NAME "Bip01 Bone12"
		*INHERIT_POS 0 0 0
		*INHERIT_ROT 0 0 0
		*INHERIT_SCL 0 0 0
		*TM_ROW0 -0.0840	-0.0517	-0.8517
		*TM_ROW1 0.9066	-0.0615	-0.3828
		*TM_ROW2 0.1225	-0.9082	0.3589
		*TM_ROW3 -1.0426	0.0500	15.1214
		*TM_POS -1.0426	0.0500	15.1214
		*TM_ROTAXIS 0.4132	0.5812	-0.7011
		*TM_ROTANGLE 4.1733
		*TM_SCALE 0.6742	1.0000	1.1051
		*TM_SCALEAXIS -0.7383	0.6270	0.2486
		*TM_SCALEAXISANG 0.9856
	}
*NODE_TM {
		*NODE_NAME "Bip01 Bone13"
		*INHERIT_POS 0 0 0
		*INHERIT_ROT 0 0 0
		*INHERIT_SCL 0 0 0
		*TM_ROW0 0.0525	0.2028	-0.8320
		*TM_ROW1 0.9946	-0.6042	-0.1701
		*TM_ROW2 -0.4209	-0.8425	0.1618
		*TM_ROW3 -1.0886	0.0218	14.6555
		*TM_POS -1.0886	0.0218	14.6555
		*TM_ROTAXIS 0.6292	0.4133	-0.6582
		*TM_ROTANGLE 3.7858
		*TM_SCALE 0.6895	1.1804	1.0787
		*TM_SCALEAXIS -0.0927	0.9863	0.1368
		*TM_SCALEAXISANG 0.6644
	}
*NODE_TM {
		*NODE_NAME "Bip01 Bone14"
		*INHERIT_POS 0 0 0
		*INHERIT_ROT 0 0 0
		*INHERIT_SCL 0 0 0
		*TM_ROW0 0.3199	0.9446	-2.6516
		*TM_ROW1 0.9946	-0.6042	-0.1701
		*TM_ROW2 -0.4117	-0.8125	0.0621
		*TM_ROW3 -1.0537	0.1565	14.1026
		*TM_POS -1.0537	0.1565	14.1026
		*TM_ROTAXIS -0.6955	-0.4365	0.5707
		*TM_ROTANGLE 2.5843
		*TM_SCALE 2.8609	1.1797	0.8160
		*TM_SCALEAXIS -0.6896	-0.7191	-0.0864
		*TM_SCALEAXISANG 0.2018
	}
*NODE_TM {
		*NODE_NAME "Bip01 Bone15"
		*INHERIT_POS 0 0 0
		*INHERIT_ROT 0 0 0
		*INHERIT_SCL 0 0 0
		*TM_ROW0 0.3199	0.9446	-2.6516
		*TM_ROW1 0.9946	-0.6042	-0.1701
		*TM_ROW2 -0.4117	-0.8125	0.0621
		*TM_ROW3 -0.9747	0.3897	13.4482
		*TM_POS -0.9747	0.3897	13.4482
		*TM_ROTAXIS -0.6955	-0.4365	0.5707
		*TM_ROTANGLE 2.5843
		*TM_SCALE 2.8609	1.1797	0.8160
		*TM_SCALEAXIS -0.6896	-0.7191	-0.0864
		*TM_SCALEAXISANG 0.2018
	}
*NODE_TM {
		*NODE_NAME "Bip01 Bone16"
		*INHERIT_POS 0 0 0
		*INHERIT_ROT 0 0 0
		*INHERIT_SCL 0 0 0
		*TM_ROW0 0.4939	-0.0818	-0.8657
		*TM_ROW1 0.8686	0.0020	0.4954
		*TM_ROW2 -0.0388	-0.9966	0.0721
		*TM_ROW3 0.4972	0.5416	15.2250
		*TM_POS 0.4972	0.5416	15.2250
		*TM_ROTAXIS -0.7641	-0.4234	0.4867
		*TM_ROTANGLE 1.7885
		*TM_SCALE 1.0000	1.0000	1.0000
		*TM_SCALEAXIS 0.8556	-0.5169	-0.0269
		*TM_SCALEAXISANG 0.1150
	}
*NODE_TM {
		*NODE_NAME "Bip01 Bone18"
		*INHERIT_POS 0 0 0
		*INHERIT_ROT 0 0 0
		*INHERIT_SCL 0 0 0
		*TM_ROW0 0.0772	0.0246	-0.9967
		*TM_ROW1 0.9964	-0.0382	0.0762
		*TM_ROW2 -0.0362	-0.9990	-0.0274
		*TM_ROW3 0.6349	0.5188	14.9838
		*TM_POS 0.6349	0.5188	14.9838
		*TM_ROTAXIS -0.6184	-0.5524	0.5589
		*TM_ROTANGLE 2.0878
		*TM_SCALE 1.0000	1.0000	1.0000
		*TM_SCALEAXIS 0.7410	0.1932	-0.6431
		*TM_SCALEAXISANG 0.6038
	}
*NODE_TM {
		*NODE_NAME "Bip01 Bone19"
		*INHERIT_POS 0 0 0
		*INHERIT_ROT 0 0 0
		*INHERIT_SCL 0 0 0
		*TM_ROW0 -0.2419	0.0378	-1.0558
		*TM_ROW1 0.9741	-0.0292	-0.2243
		*TM_ROW2 -0.0362	-0.9990	-0.0274
		*TM_ROW3 0.6598	0.5268	14.6622
		*TM_POS 0.6598	0.5268	14.6622
		*TM_ROTAXIS 0.5041	0.6103	-0.6111
		*TM_ROTANGLE 4.0180
		*TM_SCALE 1.0839	1.0000	1.0000
		*TM_SCALEAXIS 1.0000	-0.0000	0.0000
		*TM_SCALEAXISANG 0.7854
	}
*NODE_TM {
		*NODE_NAME "Bip01 Bone20"
		*INHERIT_POS 0 0 0
		*INHERIT_ROT 0 0 0
		*INHERIT_SCL 0 0 0
		*TM_ROW0 -0.2700	0.1223	-1.0223
		*TM_ROW1 0.9643	-0.0245	-0.2640
		*TM_ROW2 -0.0569	-0.9920	-0.1180
		*TM_ROW3 0.5884	0.5379	14.3508
		*TM_POS 0.5884	0.5379	14.3508
		*TM_ROTAXIS -0.5092	-0.6292	0.5873
		*TM_ROTANGLE 2.3404
		*TM_SCALE 1.0653	1.0000	0.9998
		*TM_SCALEAXIS 0.9600	0.2740	-0.0579
		*TM_SCALEAXISANG 0.4307
	}
*NODE_TM {
		*NODE_NAME "Bip01 Bone21"
		*INHERIT_POS 0 0 0
		*INHERIT_ROT 0 0 0
		*INHERIT_SCL 0 0 0
		*TM_ROW0 -0.3534	0.1497	-1.2397
		*TM_ROW1 0.9586	-0.0219	-0.2849
		*TM_ROW2 -0.0569	-0.9920	-0.1180
		*TM_ROW3 0.4869	0.5839	13.9666
		*TM_POS 0.4869	0.5839	13.9666
		*TM_ROTAXIS -0.5014	-0.6326	0.5902
		*TM_ROTANGLE 2.3519
		*TM_SCALE 1.2980	1.0000	1.0006
		*TM_SCALEAXIS 0.9987	0.0499	-0.0131
		*TM_SCALEAXISANG 0.6077
	}
*NODE_TM {
		*NODE_NAME "Bip01 Bone17"
		*INHERIT_POS 0 0 0
		*INHERIT_ROT 0 0 0
		*INHERIT_SCL 0 0 0
		*TM_ROW0 -0.1536	0.0651	-0.5388
		*TM_ROW1 0.9586	-0.0219	-0.2849
		*TM_ROW2 -0.0569	-0.9920	-0.1180
		*TM_ROW3 0.3443	0.6443	13.4663
		*TM_POS 0.3443	0.6443	13.4663
		*TM_ROTAXIS -0.5014	-0.6333	0.5896
		*TM_ROTANGLE 2.3547
		*TM_SCALE 0.5639	1.0000	1.0010
		*TM_SCALEAXIS 0.9997	-0.0223	0.0060
		*TM_SCALEAXISANG 0.5894
	}
*NODE_TM {
		*NODE_NAME "Bip01 Bone07"
		*INHERIT_POS 0 0 0
		*INHERIT_ROT 0 0 0
		*INHERIT_SCL 0 0 0
		*TM_ROW0 0.1116	-0.2761	-0.3202
		*TM_ROW1 0.9446	0.0014	0.3282
		*TM_ROW2 -0.2062	-0.7754	0.5968
		*TM_ROW3 -0.1244	0.1432	15.3335
		*TM_POS -0.1244	0.1432	15.3335
		*TM_ROTAXIS -0.5533	-0.2637	0.7901
		*TM_ROTANGLE 1.6442
		*TM_SCALE 0.4373	1.0000	1.0000
		*TM_SCALEAXIS 1.0000	-0.0000	-0.0000
		*TM_SCALEAXISANG 0.0735
	}
*NODE_TM {
		*NODE_NAME "Bip01 Bone08"
		*INHERIT_POS 0 0 0
		*INHERIT_ROT 0 0 0
		*INHERIT_SCL 0 0 0
		*TM_ROW0 0.4597	0.1453	-1.1140
		*TM_ROW1 0.9427	0.0301	0.3297
		*TM_ROW2 -0.1062	-0.8197	0.4241
		*TM_ROW3 -0.0455	-0.0519	15.1072
		*TM_POS -0.0455	-0.0519	15.1072
		*TM_ROTAXIS -0.6911	-0.4688	0.5500
		*TM_ROTANGLE 1.7919
		*TM_SCALE 1.3714	1.0000	0.6739
		*TM_SCALEAXIS -0.1857	-0.9811	-0.0538
		*TM_SCALEAXISANG 0.5739
	}
*NODE_TM {
		*NODE_NAME "Bip01 Bone09"
		*INHERIT_POS 0 0 0
		*INHERIT_ROT 0 0 0
		*INHERIT_SCL 0 0 0
		*TM_ROW0 0.8582	1.2005	-2.0995
		*TM_ROW1 0.4925	0.0018	0.1956
		*TM_ROW2 0.1099	-0.2848	-0.2069
		*TM_ROW3 0.1793	0.0191	14.5625
		*TM_POS 0.1793	0.0191	14.5625
		*TM_ROTAXIS -0.7519	-0.6068	0.2578
		*TM_ROTANGLE 2.1487
		*TM_SCALE 2.5673	0.5309	0.3599
		*TM_SCALEAXIS -0.9449	0.3249	-0.0393
		*TM_SCALEAXISANG 0.0887
	}
*NODE_TM {
		*NODE_NAME "Bip01 Bone10"
		*INHERIT_POS 0 0 0
		*INHERIT_ROT 0 0 0
		*INHERIT_SCL 0 0 0
		*TM_ROW0 0.1051	0.1471	-0.2572
		*TM_ROW1 0.4925	0.0018	0.1956
		*TM_ROW2 0.1099	-0.2848	-0.2069
		*TM_ROW3 0.4216	0.3582	13.9696
		*TM_POS 0.4216	0.3582	13.9696
		*TM_ROTAXIS -0.7508	-0.6213	0.2244
		*TM_ROTANGLE 2.2002
		*TM_SCALE 0.2964	0.5311	0.3818
		*TM_SCALEAXIS -0.2089	-0.9779	-0.0007
		*TM_SCALEAXISANG 0.4597
	}
*NODE_TM {
		*NODE_NAME "Bip01 R Clavicle"
		*INHERIT_POS 0 0 0
		*INHERIT_ROT 0 0 0
		*INHERIT_SCL 1 1 1
		*TM_ROW0 -0.7254	-0.6881	0.0166
		*TM_ROW1 -0.6866	0.7217	-0.0879
		*TM_ROW2 0.0485	-0.0751	-0.9960
		*TM_ROW3 -0.3048	0.9680	12.3814
		*TM_POS -0.3048	0.9680	12.3814
		*TM_ROTAXIS 0.3705	-0.9278	0.0439
		*TM_ROTANGLE 3.1244
		*TM_SCALE 1.0000	1.0000	1.0000
		*TM_SCALEAXIS -0.0000	0.0783	0.9969
		*TM_SCALEAXISANG 0.7856
	}
*NODE_TM {
		*NODE_NAME "Bip01 R UpperArm"
		*INHERIT_POS 0 0 0
		*INHERIT_ROT 0 0 0
		*INHERIT_SCL 1 1 1
		*TM_ROW0 -0.2725	-0.7139	-0.6450
		*TM_ROW1 -0.9456	0.3225	0.0426
		*TM_ROW2 0.1776	0.6215	-0.7630
		*TM_ROW3 -0.9826	0.3251	12.3969
		*TM_POS -0.9826	0.3251	12.3969
		*TM_ROTAXIS 0.5609	-0.7969	-0.2245
		*TM_ROTANGLE 2.5993
		*TM_SCALE 1.0000	1.0000	1.0000
		*TM_SCALEAXIS 0.0000	0.0000	0.0000
		*TM_SCALEAXISANG 0.0000
	}
*NODE_TM {
		*NODE_NAME "Bip01 R Forearm"
		*INHERIT_POS 0 0 0
		*INHERIT_ROT 0 0 0
		*INHERIT_SCL 1 1 1
		*TM_ROW0 -0.1843	-0.7406	-0.6462
		*TM_ROW1 -0.9667	0.2554	-0.0169
		*TM_ROW2 0.1776	0.6215	-0.7630
		*TM_ROW3 -1.6740	-1.4862	10.7606
		*TM_POS -1.6740	-1.4862	10.7606
		*TM_ROTAXIS 0.5987	-0.7724	-0.2120
		*TM_ROTANGLE 2.5792
		*TM_SCALE 1.0000	1.0000	1.0000
		*TM_SCALEAXIS -0.4560	-0.8900	-0.0000
		*TM_SCALEAXISANG 0.0625
	}
*NODE_TM {
		*NODE_NAME "Bip01 R Hand"
		*INHERIT_POS 0 0 0
		*INHERIT_ROT 0 0 0
		*INHERIT_SCL 1 1 1
		*TM_ROW0 -0.2762	-0.7732	-0.5708
		*TM_ROW1 0.0755	0.5747	-0.8149
		*TM_ROW2 0.9581	-0.2682	-0.1004
		*TM_ROW3 -2.0999	-3.1977	9.2671
		*TM_POS -2.0999	-3.1977	9.2671
		*TM_ROTAXIS 0.2984	-0.8345	0.4632
		*TM_ROTANGLE 1.9834
		*TM_SCALE 1.0000	1.0000	1.0000
		*TM_SCALEAXIS -0.6793	0.5173	0.5205
		*TM_SCALEAXISANG 0.2334
	}
*NODE_TM {
		*NODE_NAME "Bip01 R Finger0"
		*INHERIT_POS 0 0 0
		*INHERIT_ROT 0 0 0
		*INHERIT_SCL 1 1 1
		*TM_ROW0 0.7783	-0.2184	-0.5887
		*TM_ROW1 -0.6212	-0.1313	-0.7725
		*TM_ROW2 0.0914	0.9670	-0.2379
		*TM_ROW3 -1.7725	-3.5584	8.9564
		*TM_POS -1.7725	-3.5584	8.9564
		*TM_ROTAXIS 0.9104	-0.3560	-0.2108
		*TM_ROTANGLE 1.8707
		*TM_SCALE 1.0000	1.0000	1.0000
		*TM_SCALEAXIS -0.8980	0.0021	0.4400
		*TM_SCALEAXISANG 0.7529
	}
*NODE_TM {
		*NODE_NAME "Bip01 R Finger01"
		*INHERIT_POS 0 0 0
		*INHERIT_ROT 0 0 0
		*INHERIT_SCL 1 1 1
		*TM_ROW0 0.0428	-0.2425	-0.9692
		*TM_ROW1 -0.9949	0.0784	-0.0636
		*TM_ROW2 0.0914	0.9670	-0.2379
		*TM_ROW3 -1.5977	-3.6074	8.8242
		*TM_POS -1.5977	-3.6074	8.8242
		*TM_ROTAXIS 0.6211	-0.6392	-0.4535
		*TM_ROTANGLE 2.1632
		*TM_SCALE 1.0000	1.0000	1.0000
		*TM_SCALEAXIS -0.1295	0.9372	-0.3238
		*TM_SCALEAXISANG 0.3105
	}
*NODE_TM {
		*NODE_NAME "Bip01 R Finger02"
		*INHERIT_POS 0 0 0
		*INHERIT_ROT 0 0 0
		*INHERIT_SCL 1 1 1
		*TM_ROW0 -0.1067	-0.2280	-0.9678
		*TM_ROW1 -0.9901	0.1138	0.0823
		*TM_ROW2 0.0914	0.9670	-0.2379
		*TM_ROW3 -1.5881	-3.6619	8.6065
		*TM_POS -1.5881	-3.6619	8.6065
		*TM_ROTAXIS 0.5612	-0.6719	-0.4834
		*TM_ROTANGLE 2.2337
		*TM_SCALE 1.0000	1.0000	1.0000
		*TM_SCALEAXIS -0.5831	-0.0000	-0.8124
		*TM_SCALEAXISANG 0.1425
	}
*NODE_TM {
		*NODE_NAME "Bip01 R Finger1"
		*INHERIT_POS 0 0 0
		*INHERIT_ROT 0 0 0
		*INHERIT_SCL 1 1 1
		*TM_ROW0 -0.2762	-0.7732	-0.5708
		*TM_ROW1 0.0762	0.5744	-0.8150
		*TM_ROW2 0.9581	-0.2686	-0.0997
		*TM_ROW3 -2.3439	-3.8808	8.7627
		*TM_POS -2.3439	-3.8808	8.7627
		*TM_ROTAXIS 0.2982	-0.8344	0.4636
		*TM_ROTANGLE 1.9831
		*TM_SCALE 1.0000	1.0000	1.0000
		*TM_SCALEAXIS 0.0000	0.8953	-0.4454
		*TM_SCALEAXISANG 0.1066
	}
*NODE_TM {
		*NODE_NAME "Bip01 R Finger11"
		*INHERIT_POS 0 0 0
		*INHERIT_ROT 0 0 0
		*INHERIT_SCL 1 1 1
		*TM_ROW0 0.1136	0.6755	-0.7285
		*TM_ROW1 0.2631	0.6867	0.6777
		*TM_ROW2 0.9581	-0.2686	-0.0997
		*TM_ROW3 -2.4281	-4.1164	8.5888
		*TM_POS -2.4281	-4.1164	8.5888
		*TM_ROTAXIS -0.4786	-0.8529	-0.2086
		*TM_ROTANGLE 1.7211
		*TM_SCALE 1.0000	1.0000	1.0000
		*TM_SCALEAXIS 0.6833	-0.0000	-0.7301
		*TM_SCALEAXISANG 0.1056
	}
*NODE_TM {
		*NODE_NAME "Bip01 R Finger12"
		*INHERIT_POS 0 0 0
		*INHERIT_ROT 0 0 0
		*INHERIT_SCL 1 1 1
		*TM_ROW0 0.2851	0.8586	0.4260
		*TM_ROW1 -0.0288	-0.4366	0.8992
		*TM_ROW2 0.9581	-0.2686	-0.0997
		*TM_ROW3 -2.3967	-3.9300	8.3877
		*TM_POS -2.3967	-3.9300	8.3877
		*TM_ROTAXIS -0.7485	-0.3410	-0.5688
		*TM_ROTANGLE 2.2467
		*TM_SCALE 1.0000	1.0000	1.0000
		*TM_SCALEAXIS 0.0000	0.0000	0.0000
		*TM_SCALEAXISANG 0.0000
	}
*NODE_TM {
		*NODE_NAME "Bip01 Bone47"
		*INHERIT_POS 0 0 0
		*INHERIT_ROT 0 0 0
		*INHERIT_SCL 0 0 0
		*TM_ROW0 0.9728	-0.2256	-0.0519
		*TM_ROW1 0.1908	0.6546	0.7315
		*TM_ROW2 -0.1311	-0.7215	0.6799
		*TM_ROW3 -3.4293	-3.4672	8.8307
		*TM_POS -3.4293	-3.4672	8.8307
		*TM_ROTAXIS -0.9600	0.0523	0.2751
		*TM_ROTANGLE 0.8584
		*TM_SCALE 1.0000	1.0000	1.0000
		*TM_SCALEAXIS -0.9792	-0.1653	-0.1173
		*TM_SCALEAXISANG 0.4744
	}
*NODE_TM {
		*NODE_NAME "Bip01 Bone48"
		*INHERIT_POS 0 0 0
		*INHERIT_ROT 0 0 0
		*INHERIT_SCL 0 0 0
		*TM_ROW0 0.9728	-0.2256	-0.0519
		*TM_ROW1 0.1908	0.6546	0.7315
		*TM_ROW2 -0.1311	-0.7215	0.6799
		*TM_ROW3 6.4481	-5.7580	8.3041
		*TM_POS 6.4481	-5.7580	8.3041
		*TM_ROTAXIS -0.9600	0.0523	0.2751
		*TM_ROTANGLE 0.8584
		*TM_SCALE 1.0000	1.0000	1.0000
		*TM_SCALEAXIS -0.9792	-0.1653	-0.1173
		*TM_SCALEAXISANG 0.4744
	}
*NODE_TM {
		*NODE_NAME "Bip01 Bone04"
		*INHERIT_POS 0 0 0
		*INHERIT_ROT 0 0 0
		*INHERIT_SCL 0 0 0
		*TM_ROW0 -0.6025	-0.5695	0.5592
		*TM_ROW1 -0.4041	-0.3865	-0.8290
		*TM_ROW2 0.6883	-0.7255	0.0027
		*TM_ROW3 -0.9573	0.4426	12.2730
		*TM_POS -0.9573	0.4426	12.2730
		*TM_ROTAXIS -0.4427	0.5517	-0.7068
		*TM_ROTANGLE 3.2589
		*TM_SCALE 1.0000	1.0000	1.0000
		*TM_SCALEAXIS -0.4266	0.4040	-0.8092
		*TM_SCALEAXISANG 0.5838
	}
*NODE_TM {
		*NODE_NAME "Bip01 Bone05"
		*INHERIT_POS 0 0 0
		*INHERIT_ROT 0 0 0
		*INHERIT_SCL 0 0 0
		*TM_ROW0 -0.4608	-0.4400	-0.7708
		*TM_ROW1 0.5603	0.5293	-0.6371
		*TM_ROW2 0.6883	-0.7255	0.0027
		*TM_ROW3 -1.7457	-0.3028	13.0047
		*TM_POS -1.7457	-0.3028	13.0047
		*TM_ROTAXIS -0.0499	-0.8237	0.5648
		*TM_ROTANGLE 2.0538
		*TM_SCALE 1.0000	1.0000	1.0000
		*TM_SCALEAXIS 0.6172	-0.5018	-0.6060
		*TM_SCALEAXISANG 0.6221
	}
*NODE_TM {
		*NODE_NAME "Bip01 Bone06"
		*INHERIT_POS 0 0 0
		*INHERIT_ROT 0 0 0
		*INHERIT_SCL 0 0 0
		*TM_ROW0 -0.4608	-0.4400	-0.7708
		*TM_ROW1 0.5603	0.5293	-0.6371
		*TM_ROW2 0.6883	-0.7255	0.0027
		*TM_ROW3 -2.2532	-0.7873	12.1558
		*TM_POS -2.2532	-0.7873	12.1558
		*TM_ROTAXIS -0.0499	-0.8237	0.5648
		*TM_ROTANGLE 2.0538
		*TM_SCALE 1.0000	1.0000	1.0000
		*TM_SCALEAXIS 0.6172	-0.5018	-0.6060
		*TM_SCALEAXISANG 0.6221
	}
*NODE_TM {
		*NODE_NAME "Bip01 Bone42"
		*INHERIT_POS 0 0 0
		*INHERIT_ROT 0 0 0
		*INHERIT_SCL 0 0 0
		*TM_ROW0 -0.0700	0.0352	-0.9969
		*TM_ROW1 -0.6771	-0.7356	0.0216
		*TM_ROW2 -0.7326	0.6765	0.0753
		*TM_ROW3 -1.4984	1.2138	12.4419
		*TM_POS -1.4984	1.2138	12.4419
		*TM_ROTAXIS 0.6529	-0.2636	-0.7101
		*TM_ROTANGLE 2.6162
		*TM_SCALE 1.0000	1.0000	1.0000
		*TM_SCALEAXIS -0.9500	0.0467	0.3086
		*TM_SCALEAXISANG 0.7558
	}
*NODE_TM {
		*NODE_NAME "Bip01 Bone43"
		*INHERIT_POS 0 0 0
		*INHERIT_ROT 0 0 0
		*INHERIT_SCL 0 0 0
		*TM_ROW0 -0.1484	-0.0508	-0.9876
		*TM_ROW1 -0.6643	-0.7347	0.1376
		*TM_ROW2 -0.7326	0.6765	0.0753
		*TM_ROW3 -1.5335	1.2314	11.9424
		*TM_POS -1.5335	1.2314	11.9424
		*TM_ROTAXIS 0.6299	-0.2981	-0.7172
		*TM_ROTANGLE 2.6996
		*TM_SCALE 1.0000	1.0000	1.0000
		*TM_SCALEAXIS -0.8811	0.0910	0.4640
		*TM_SCALEAXISANG 0.5957
	}
*NODE_TM {
		*NODE_NAME "Bip01 Bone44"
		*INHERIT_POS 0 0 0
		*INHERIT_ROT 0 0 0
		*INHERIT_SCL 0 0 0
		*TM_ROW0 -0.2383	-0.1513	-0.9593
		*TM_ROW1 -0.6376	-0.7207	0.2720
		*TM_ROW2 -0.7326	0.6765	0.0753
		*TM_ROW3 -1.8329	1.1290	9.9505
		*TM_POS -1.8329	1.1290	9.9505
		*TM_ROTAXIS 0.6019	-0.3375	-0.7238
		*TM_ROTANGLE 2.7989
		*TM_SCALE 1.0000	1.0000	1.0000
		*TM_SCALEAXIS 0.8002	-0.2819	0.5294
		*TM_SCALEAXISANG 0.8480
	}
*NODE_TM {
		*NODE_NAME "Bip01 Bone45"
		*INHERIT_POS 0 0 0
		*INHERIT_ROT 0 0 0
		*INHERIT_SCL 0 0 0
		*TM_ROW0 -0.1056	-0.0036	-0.9944
		*TM_ROW1 -0.6724	-0.7364	0.0741
		*TM_ROW2 -0.7326	0.6765	0.0753
		*TM_ROW3 -2.3346	0.8106	7.9310
		*TM_POS -2.3346	0.8106	7.9310
		*TM_ROTAXIS 0.6426	-0.2793	-0.7135
		*TM_ROTANGLE 2.6538
		*TM_SCALE 1.0000	1.0000	1.0000
		*TM_SCALEAXIS 0.9439	0.0000	0.3301
		*TM_SCALEAXISANG 0.5911
	}
*NODE_TM {
		*NODE_NAME "Bip01 Bone46"
		*INHERIT_POS 0 0 0
		*INHERIT_ROT 0 0 0
		*INHERIT_SCL 0 0 0
		*TM_ROW0 -0.1056	-0.0036	-0.9944
		*TM_ROW1 -0.6724	-0.7364	0.0741
		*TM_ROW2 -0.7326	0.6765	0.0753
		*TM_ROW3 -2.5789	0.8022	5.6315
		*TM_POS -2.5789	0.8022	5.6315
		*TM_ROTAXIS 0.6426	-0.2793	-0.7135
		*TM_ROTANGLE 2.6538
		*TM_SCALE 1.0000	1.0000	1.0000
		*TM_SCALEAXIS 0.9439	0.0000	0.3301
		*TM_SCALEAXISANG 0.5911
	}
*NODE_TM {
		*NODE_NAME "Bip01 Bone32"
		*INHERIT_POS 0 0 0
		*INHERIT_ROT 0 0 0
		*INHERIT_SCL 0 0 0
		*TM_ROW0 -0.0791	0.0231	-0.9966
		*TM_ROW1 -0.5989	-0.8003	0.0290
		*TM_ROW2 -0.7969	0.5992	0.0772
		*TM_ROW3 -2.4240	-0.4070	12.6143
		*TM_POS -2.4240	-0.4070	12.6143
		*TM_ROTAXIS 0.6575	-0.2303	-0.7173
		*TM_ROTANGLE 2.6932
		*TM_SCALE 1.0000	1.0000	1.0000
		*TM_SCALEAXIS 0.9909	-0.1314	0.0279
		*TM_SCALEAXISANG 0.7184
	}
*NODE_TM {
		*NODE_NAME "Bip01 Bone33"
		*INHERIT_POS 0 0 0
		*INHERIT_ROT 0 0 0
		*INHERIT_SCL 0 0 0
		*TM_ROW0 -0.0430	0.0711	-0.9965
		*TM_ROW1 -0.6026	-0.7975	-0.0308
		*TM_ROW2 -0.7969	0.5992	0.0772
		*TM_ROW3 -2.5027	-0.3840	11.6221
		*TM_POS -2.5027	-0.3840	11.6221
		*TM_ROTAXIS 0.6676	-0.2115	-0.7138
		*TM_ROTANGLE 2.6502
		*TM_SCALE 1.0000	1.0000	1.0000
		*TM_SCALEAXIS 0.9948	0.0000	-0.1020
		*TM_SCALEAXISANG 0.7103
	}
*NODE_TM {
		*NODE_NAME "Bip01 Bone34"
		*INHERIT_POS 0 0 0
		*INHERIT_ROT 0 0 0
		*INHERIT_SCL 0 0 0
		*TM_ROW0 -0.0773	0.0255	-0.9967
		*TM_ROW1 -0.5991	-0.8002	0.0260
		*TM_ROW2 -0.7969	0.5992	0.0772
		*TM_ROW3 -2.5921	-0.2365	9.5534
		*TM_POS -2.5921	-0.2365	9.5534
		*TM_ROTAXIS 0.6581	-0.2294	-0.7172
		*TM_ROTANGLE 2.6910
		*TM_SCALE 1.0000	1.0000	1.0000
		*TM_SCALEAXIS -0.9997	-0.0258	0.0000
		*TM_SCALEAXISANG 0.7853
	}
*NODE_TM {
		*NODE_NAME "Bip01 Bone35"
		*INHERIT_POS 0 0 0
		*INHERIT_ROT 0 0 0
		*INHERIT_SCL 0 0 0
		*TM_ROW0 -0.0667	0.0397	-0.9970
		*TM_ROW1 -0.6004	-0.7996	0.0084
		*TM_ROW2 -0.7969	0.5992	0.0772
		*TM_ROW3 -2.7659	-0.1793	7.3136
		*TM_POS -2.7659	-0.1793	7.3136
		*TM_ROTAXIS 0.6610	-0.2239	-0.7162
		*TM_ROTANGLE 2.6783
		*TM_SCALE 1.0000	1.0000	1.0000
		*TM_SCALEAXIS 0.9994	0.0000	-0.0353
		*TM_SCALEAXISANG 0.7856
	}
*NODE_TM {
		*NODE_NAME "Bip01 Bone36"
		*INHERIT_POS 0 0 0
		*INHERIT_ROT 0 0 0
		*INHERIT_SCL 0 0 0
		*TM_ROW0 -0.0667	0.0397	-0.9970
		*TM_ROW1 -0.6004	-0.7996	0.0084
		*TM_ROW2 -0.7969	0.5992	0.0772
		*TM_ROW3 -2.9179	-0.0889	5.0426
		*TM_POS -2.9179	-0.0889	5.0426
		*TM_ROTAXIS 0.6610	-0.2239	-0.7162
		*TM_ROTANGLE 2.6783
		*TM_SCALE 1.0000	1.0000	1.0000
		*TM_SCALEAXIS -0.9990	-0.0456	-0.0033
		*TM_SCALEAXISANG 0.6210
	}
*NODE_TM {
		*NODE_NAME "Bip01 L Clavicle"
		*INHERIT_POS 0 0 0
		*INHERIT_ROT 0 0 0
		*INHERIT_SCL 1 1 1
		*TM_ROW0 0.6628	0.7484	-0.0242
		*TM_ROW1 -0.7472	0.6590	-0.0861
		*TM_ROW2 -0.0485	0.0751	0.9960
		*TM_ROW3 0.0601	1.3142	12.3731
		*TM_POS 0.0601	1.3142	12.3731
		*TM_ROTAXIS 0.1071	0.0162	-0.9941
		*TM_ROTANGLE 0.8515
		*TM_SCALE 1.0000	1.0000	1.0000
		*TM_SCALEAXIS 0.0000	0.0000	0.0000
		*TM_SCALEAXISANG 0.0000
	}
*NODE_TM {
		*NODE_NAME "Bip01 L UpperArm"
		*INHERIT_POS 0 0 0
		*INHERIT_ROT 0 0 0
		*INHERIT_SCL 1 1 1
		*TM_ROW0 0.5196	0.1068	-0.8477
		*TM_ROW1 -0.0439	0.9942	0.0984
		*TM_ROW2 0.8533	-0.0139	0.5213
		*TM_ROW3 0.6793	2.0135	12.3506
		*TM_POS 0.6793	2.0135	12.3506
		*TM_ROTAXIS -0.0656	-0.9940	-0.0880
		*TM_ROTANGLE 1.0268
		*TM_SCALE 1.0000	1.0000	1.0000
		*TM_SCALEAXIS 0.1452	0.9894	-0.0000
		*TM_SCALEAXISANG 0.7768
	}
*NODE_TM {
		*NODE_NAME "Bip01 L Forearm"
		*INHERIT_POS 0 0 0
		*INHERIT_ROT 0 0 0
		*INHERIT_SCL 1 1 1
		*TM_ROW0 0.2751	-0.8372	-0.4727
		*TM_ROW1 0.4430	0.5467	-0.7105
		*TM_ROW2 0.8533	-0.0139	0.5213
		*TM_ROW3 1.9976	2.2844	10.2000
		*TM_POS 1.9976	2.2844	10.2000
		*TM_ROTAXIS 0.3535	-0.6730	0.6497
		*TM_ROTANGLE 1.3984
		*TM_SCALE 1.0000	1.0000	1.0000
		*TM_SCALEAXIS 0.2692	-0.9420	-0.2005
		*TM_SCALEAXISANG 0.8007
	}
*NODE_TM {
		*NODE_NAME "Bip01 L Hand"
		*INHERIT_POS 0 0 0
		*INHERIT_ROT 0 0 0
		*INHERIT_SCL 1 1 1
		*TM_ROW0 0.2751	-0.8372	-0.4727
		*TM_ROW1 -0.8529	0.0144	-0.5218
		*TM_ROW2 0.4437	0.5467	-0.7101
		*TM_ROW3 2.6333	0.3496	9.1075
		*TM_POS 2.6333	0.3496	9.1075
		*TM_ROTAXIS -0.7591	0.6509	0.0112
		*TM_ROTANGLE 3.9224
		*TM_SCALE 1.0000	1.0000	1.0000
		*TM_SCALEAXIS 0.1885	0.1525	-0.9701
		*TM_SCALEAXISANG 0.7923
	}
*NODE_TM {
		*NODE_NAME "Bip01 L Finger0"
		*INHERIT_POS 0 0 0
		*INHERIT_ROT 0 0 0
		*INHERIT_SCL 1 1 1
		*TM_ROW0 -0.6456	-0.7615	0.0569
		*TM_ROW1 0.1156	-0.1712	-0.9784
		*TM_ROW2 0.7549	-0.6251	0.1986
		*TM_ROW3 2.4777	-0.1971	9.2113
		*TM_POS 2.4777	-0.1971	9.2113
		*TM_ROTAXIS -0.3006	0.5938	-0.7463
		*TM_ROTANGLE 3.7698
		*TM_SCALE 1.0000	1.0000	1.0000
		*TM_SCALEAXIS 0.6359	0.1365	0.7596
		*TM_SCALEAXISANG 0.9605
	}
*NODE_TM {
		*NODE_NAME "Bip01 L Finger01"
		*INHERIT_POS 0 0 0
		*INHERIT_ROT 0 0 0
		*INHERIT_SCL 1 1 1
		*TM_ROW0 -0.4798	-0.7327	-0.4827
		*TM_ROW1 0.4472	0.2691	-0.8530
		*TM_ROW2 0.7549	-0.6251	0.1986
		*TM_ROW3 2.3327	-0.3681	9.2241
		*TM_POS 2.3327	-0.3681	9.2241
		*TM_ROTAXIS 0.1321	-0.7174	0.6840
		*TM_ROTANGLE 2.1014
		*TM_SCALE 1.0000	1.0000	1.0000
		*TM_SCALEAXIS -0.0000	-0.7286	-0.6850
		*TM_SCALEAXISANG 0.2582
	}
*NODE_TM {
		*NODE_NAME "Bip01 L Finger02"
		*INHERIT_POS 0 0 0
		*INHERIT_ROT 0 0 0
		*INHERIT_SCL 1 1 1
		*TM_ROW0 -0.4074	-0.6841	-0.6050
		*TM_ROW1 0.5141	0.3758	-0.7710
		*TM_ROW2 0.7549	-0.6251	0.1986
		*TM_ROW3 2.2250	-0.5327	9.1157
		*TM_POS 2.2250	-0.5327	9.1157
		*TM_ROTAXIS 0.0803	-0.7479	0.6589
		*TM_ROTANGLE 2.0004
		*TM_SCALE 1.0000	1.0000	1.0000
		*TM_SCALEAXIS 0.0000	-0.9336	-0.3582
		*TM_SCALEAXISANG 0.2171
	}
*NODE_TM {
		*NODE_NAME "Bip01 L Finger1"
		*INHERIT_POS 0 0 0
		*INHERIT_ROT 0 0 0
		*INHERIT_SCL 1 1 1
		*TM_ROW0 0.1448	-0.8257	-0.5451
		*TM_ROW1 -0.8848	0.1386	-0.4450
		*TM_ROW2 0.4430	0.5467	-0.7105
		*TM_ROW3 2.8763	-0.3901	8.6899
		*TM_POS 2.8763	-0.3901	8.6899
		*TM_ROTAXIS -0.7078	0.7052	0.0421
		*TM_ROTANGLE 3.9178
		*TM_SCALE 1.0000	1.0000	1.0000
		*TM_SCALEAXIS 0.0000	0.4551	-0.8904
		*TM_SCALEAXISANG 0.7767
	}
*NODE_TM {
		*NODE_NAME "Bip01 L Finger11"
		*INHERIT_POS 0 0 0
		*INHERIT_ROT 0 0 0
		*INHERIT_SCL 1 1 1
		*TM_ROW0 0.0108	-0.7957	-0.6056
		*TM_ROW1 -0.8965	0.2606	-0.3584
		*TM_ROW2 0.4430	0.5467	-0.7105
		*TM_ROW3 2.9204	-0.6417	8.5238
		*TM_POS 2.9204	-0.6417	8.5238
		*TM_ROTAXIS 0.6517	-0.7550	-0.0725
		*TM_ROTANGLE 2.3740
		*TM_SCALE 1.0000	1.0000	1.0000
		*TM_SCALEAXIS -0.0000	0.0499	-0.9988
		*TM_SCALEAXISANG 0.7782
	}
*NODE_TM {
		*NODE_NAME "Bip01 L Finger12"
		*INHERIT_POS 0 0 0
		*INHERIT_ROT 0 0 0
		*INHERIT_SCL 1 1 1
		*TM_ROW0 -0.2475	-0.6871	-0.6831
		*TM_ROW1 -0.8617	0.4785	-0.1691
		*TM_ROW2 0.4430	0.5467	-0.7105
		*TM_ROW3 2.9234	-0.8613	8.3566
		*TM_POS 2.9234	-0.8613	8.3566
		*TM_ROTAXIS 0.5319	-0.8368	-0.1297
		*TM_ROTANGLE 2.4036
		*TM_SCALE 1.0000	1.0000	1.0000
		*TM_SCALEAXIS 0.7611	0.6486	0.0000
		*TM_SCALEAXISANG 0.3956
	}
*NODE_TM {
		*NODE_NAME "Bip01 Bone01"
		*INHERIT_POS 0 0 0
		*INHERIT_ROT 0 0 0
		*INHERIT_SCL 0 0 0
		*TM_ROW0 0.5702	0.6446	0.5092
		*TM_ROW1 -0.3382	-0.3807	0.8606
		*TM_ROW2 0.7487	-0.6630	0.0009
		*TM_ROW3 0.6173	1.8683	12.1837
		*TM_POS 0.6173	1.8683	12.1837
		*TM_ROTAXIS -0.8331	-0.1309	-0.5374
		*TM_ROTANGLE 1.9876
		*TM_SCALE 1.0000	1.0000	1.0000
		*TM_SCALEAXIS -0.3498	-0.2406	0.9054
		*TM_SCALEAXISANG 0.7248
	}
*NODE_TM {
		*NODE_NAME "Bip01 Bone02"
		*INHERIT_POS 0 0 0
		*INHERIT_ROT 0 0 0
		*INHERIT_SCL 0 0 0
		*TM_ROW0 0.3912	0.4407	-0.8079
		*TM_ROW1 0.5352	0.6052	0.5893
		*TM_ROW2 0.7487	-0.6630	0.0009
		*TM_ROW3 1.4048	2.7586	12.8870
		*TM_POS 1.4048	2.7586	12.8870
		*TM_ROTAXIS -0.6261	-0.7783	0.0473
		*TM_ROTANGLE 1.5721
		*TM_SCALE 1.0000	1.0000	1.0000
		*TM_SCALEAXIS 0.4117	-0.1251	0.9027
		*TM_SCALEAXISANG 0.8396
	}
*NODE_TM {
		*NODE_NAME "Bip01 Bone03"
		*INHERIT_POS 0 0 0
		*INHERIT_ROT 0 0 0
		*INHERIT_SCL 0 0 0
		*TM_ROW0 0.3912	0.4407	-0.8079
		*TM_ROW1 0.5352	0.6052	0.5893
		*TM_ROW2 0.7487	-0.6630	0.0009
		*TM_ROW3 1.8162	3.2220	12.0373
		*TM_POS 1.8162	3.2220	12.0373
		*TM_ROTAXIS -0.6261	-0.7783	0.0473
		*TM_ROTANGLE 1.5721
		*TM_SCALE 1.0000	1.0000	1.0000
		*TM_SCALEAXIS 0.4117	-0.1251	0.9027
		*TM_SCALEAXISANG 0.8396
	}
*NODE_TM {
		*NODE_NAME "Bip01 Bone27"
		*INHERIT_POS 0 0 0
		*INHERIT_ROT 0 0 0
		*INHERIT_SCL 0 0 0
		*TM_ROW0 -0.0565	0.0473	-0.9973
		*TM_ROW1 -0.7665	-0.6421	0.0130
		*TM_ROW2 -0.6397	0.7652	0.0725
		*TM_ROW3 1.3581	3.4427	12.4939
		*TM_POS 1.3581	3.4427	12.4939
		*TM_ROTAXIS 0.6460	-0.3071	-0.6989
		*TM_ROTANGLE 2.5201
		*TM_SCALE 1.0000	1.0000	1.0000
		*TM_SCALEAXIS -0.9950	-0.0862	-0.0510
		*TM_SCALEAXISANG 0.4655
	}
*NODE_TM {
		*NODE_NAME "Bip01 Bone28"
		*INHERIT_POS 0 0 0
		*INHERIT_ROT 0 0 0
		*INHERIT_SCL 0 0 0
		*TM_ROW0 -0.0898	0.0193	-0.9958
		*TM_ROW1 -0.7633	-0.6435	0.0564
		*TM_ROW2 -0.6397	0.7652	0.0725
		*TM_ROW3 1.3033	3.4886	11.5261
		*TM_POS 1.3033	3.4886	11.5261
		*TM_ROTAXIS 0.6361	-0.3195	-0.7024
		*TM_ROTANGLE 2.5507
		*TM_SCALE 1.0000	1.0000	1.0000
		*TM_SCALEAXIS -0.9984	0.0000	0.0569
		*TM_SCALEAXISANG 0.3488
	}
*NODE_TM {
		*NODE_NAME "Bip01 Bone29"
		*INHERIT_POS 0 0 0
		*INHERIT_ROT 0 0 0
		*INHERIT_SCL 0 0 0
		*TM_ROW0 -0.0577	0.0463	-0.9973
		*TM_ROW1 -0.7664	-0.6422	0.0145
		*TM_ROW2 -0.6397	0.7652	0.0725
		*TM_ROW3 1.1119	3.5297	9.4042
		*TM_POS 1.1119	3.5297	9.4042
		*TM_ROTAXIS 0.6456	-0.3075	-0.6990
		*TM_ROTANGLE 2.5212
		*TM_SCALE 1.0000	1.0000	1.0000
		*TM_SCALEAXIS -0.9987	-0.0449	-0.0222
		*TM_SCALEAXISANG 0.5637
	}
*NODE_TM {
		*NODE_NAME "Bip01 Bone30"
		*INHERIT_POS 0 0 0
		*INHERIT_ROT 0 0 0
		*INHERIT_SCL 0 0 0
		*TM_ROW0 -0.0517	0.0513	-0.9973
		*TM_ROW1 -0.7669	-0.6418	0.0068
		*TM_ROW2 -0.6397	0.7652	0.0725
		*TM_ROW3 0.9845	3.6320	7.2022
		*TM_POS 0.9845	3.6320	7.2022
		*TM_ROTAXIS 0.6474	-0.3053	-0.6984
		*TM_ROTANGLE 2.5158
		*TM_SCALE 1.0000	1.0000	1.0000
		*TM_SCALEAXIS -0.9990	-0.0000	-0.0456
		*TM_SCALEAXISANG 0.3790
	}
*NODE_TM {
		*NODE_NAME "Bip01 Bone31"
		*INHERIT_POS 0 0 0
		*INHERIT_ROT 0 0 0
		*INHERIT_SCL 0 0 0
		*TM_ROW0 -0.0517	0.0513	-0.9973
		*TM_ROW1 -0.7669	-0.6418	0.0068
		*TM_ROW2 -0.6397	0.7652	0.0725
		*TM_ROW3 0.8664	3.7490	4.9252
		*TM_POS 0.8664	3.7490	4.9252
		*TM_ROTAXIS 0.6474	-0.3053	-0.6984
		*TM_ROTANGLE 2.5158
		*TM_SCALE 1.0000	1.0000	1.0000
		*TM_SCALEAXIS -0.9926	-0.0876	-0.0846
		*TM_SCALEAXISANG 0.2884
	}
*NODE_TM {
		*NODE_NAME "Bip01 Bone37"
		*INHERIT_POS 0 0 0
		*INHERIT_ROT 0 0 0
		*INHERIT_SCL 0 0 0
		*TM_ROW0 -0.0668	0.0386	-0.9970
		*TM_ROW1 -0.7056	-0.7084	0.0198
		*TM_ROW2 -0.7055	0.7048	0.0746
		*TM_ROW3 0.0587	2.4535	12.4412
		*TM_POS 0.0587	2.4535	12.4412
		*TM_ROTAXIS 0.6507	-0.2769	-0.7070
		*TM_ROTANGLE 2.5873
		*TM_SCALE 1.0000	1.0000	1.0000
		*TM_SCALEAXIS 0.9888	0.0635	0.1353
		*TM_SCALEAXISANG 0.7921
	}
*NODE_TM {
		*NODE_NAME "Bip01 Bone38"
		*INHERIT_POS 0 0 0
		*INHERIT_ROT 0 0 0
		*INHERIT_SCL 0 0 0
		*TM_ROW0 0.0381	0.1428	-0.9890
		*TM_ROW1 -0.7077	-0.6949	-0.1276
		*TM_ROW2 -0.7055	0.7048	0.0746
		*TM_ROW3 0.0200	2.4759	11.8639
		*TM_POS 0.0200	2.4759	11.8639
		*TM_ROTAXIS 0.6804	-0.2318	-0.6952
		*TM_ROTANGLE 2.4835
		*TM_SCALE 1.0000	1.0000	1.0000
		*TM_SCALEAXIS -0.9632	0.2501	-0.0984
		*TM_SCALEAXISANG 0.5884
	}
*NODE_TM {
		*NODE_NAME "Bip01 Bone39"
		*INHERIT_POS 0 0 0
		*INHERIT_ROT 0 0 0
		*INHERIT_SCL 0 0 0
		*TM_ROW0 0.1142	0.2169	-0.9695
		*TM_ROW1 -0.6994	-0.6755	-0.2336
		*TM_ROW2 -0.7055	0.7048	0.0746
		*TM_ROW3 0.0942	2.7537	9.9392
		*TM_POS 0.0942	2.7537	9.9392
		*TM_ROTAXIS -0.7014	0.1973	0.6849
		*TM_ROTANGLE 3.8744
		*TM_SCALE 1.0000	1.0000	1.0000
		*TM_SCALEAXIS -0.9633	0.0589	-0.2619
		*TM_SCALEAXISANG 0.7952
	}
*NODE_TM {
		*NODE_NAME "Bip01 Bone40"
		*INHERIT_POS 0 0 0
		*INHERIT_ROT 0 0 0
		*INHERIT_SCL 0 0 0
		*TM_ROW0 -0.0267	0.0787	-0.9965
		*TM_ROW1 -0.7082	-0.7051	-0.0367
		*TM_ROW2 -0.7055	0.7048	0.0746
		*TM_ROW3 0.3398	3.2200	7.8550
		*TM_POS 0.3398	3.2200	7.8550
		*TM_ROTAXIS 0.6622	-0.2599	-0.7028
		*TM_ROTANGLE 2.5474
		*TM_SCALE 1.0000	1.0000	1.0000
		*TM_SCALEAXIS -0.9551	0.2937	0.0390
		*TM_SCALEAXISANG 0.6694
	}
*NODE_TM {
		*NODE_NAME "Bip01 Bone41"
		*INHERIT_POS 0 0 0
		*INHERIT_ROT 0 0 0
		*INHERIT_SCL 0 0 0
		*TM_ROW0 -0.0267	0.0787	-0.9965
		*TM_ROW1 -0.7082	-0.7051	-0.0367
		*TM_ROW2 -0.7055	0.7048	0.0746
		*TM_ROW3 0.2793	3.3982	5.5988
		*TM_POS 0.2793	3.3982	5.5988
		*TM_ROTAXIS 0.6622	-0.2599	-0.7028
		*TM_ROTANGLE 2.5474
		*TM_SCALE 1.0000	1.0000	1.0000
		*TM_SCALEAXIS -0.9551	0.2937	0.0390
		*TM_SCALEAXISANG 0.6694
	}
*NODE_TM {
		*NODE_NAME "Bip01 Bone22"
		*INHERIT_POS 0 0 0
		*INHERIT_ROT 0 0 0
		*INHERIT_SCL 0 0 0
		*TM_ROW0 -0.0738	0.0895	-0.9933
		*TM_ROW1 -0.7213	-0.6926	-0.0088
		*TM_ROW2 -0.6887	0.7157	0.1156
		*TM_ROW3 -0.6635	1.9214	13.2485
		*TM_POS -0.6635	1.9214	13.2485
		*TM_ROTAXIS 0.6417	-0.2697	-0.7180
		*TM_ROTANGLE 2.5417
		*TM_SCALE 1.0000	1.0000	1.0000
		*TM_SCALEAXIS 0.8325	-0.4482	-0.3255
		*TM_SCALEAXISANG 0.5004
	}
*NODE_TM {
		*NODE_NAME "Bip01 Bone23"
		*INHERIT_POS 0 0 0
		*INHERIT_ROT 0 0 0
		*INHERIT_SCL 0 0 0
		*TM_ROW0 -0.0757	0.0876	-0.9933
		*TM_ROW1 -0.7211	-0.6928	-0.0061
		*TM_ROW2 -0.6887	0.7157	0.1156
		*TM_ROW3 -0.7343	2.0071	12.2964
		*TM_POS -0.7343	2.0071	12.2964
		*TM_ROTAXIS 0.6411	-0.2705	-0.7182
		*TM_ROTANGLE 2.5436
		*TM_SCALE 1.0000	1.0000	1.0000
		*TM_SCALEAXIS 0.9725	-0.1526	-0.1760
		*TM_SCALEAXISANG 0.5809
	}
*NODE_TM {
		*NODE_NAME "Bip01 Bone24"
		*INHERIT_POS 0 0 0
		*INHERIT_ROT 0 0 0
		*INHERIT_SCL 0 0 0
		*TM_ROW0 -0.0773	0.0861	-0.9933
		*TM_ROW1 -0.7209	-0.6930	-0.0040
		*TM_ROW2 -0.6887	0.7157	0.1156
		*TM_ROW3 -0.8849	2.1814	10.3208
		*TM_POS -0.8849	2.1814	10.3208
		*TM_ROTAXIS 0.6407	-0.2711	-0.7184
		*TM_ROTANGLE 2.5452
		*TM_SCALE 1.0000	1.0000	1.0000
		*TM_SCALEAXIS -0.9857	-0.1598	-0.0533
		*TM_SCALEAXISANG 0.7936
	}
*NODE_TM {
		*NODE_NAME "Bip01 Bone25"
		*INHERIT_POS 0 0 0
		*INHERIT_ROT 0 0 0
		*INHERIT_SCL 0 0 0
		*TM_ROW0 -0.0717	0.0915	-0.9932
		*TM_ROW1 -0.7215	-0.6923	-0.0117
		*TM_ROW2 -0.6887	0.7157	0.1156
		*TM_ROW3 -1.0397	2.3538	8.3312
		*TM_POS -1.0397	2.3538	8.3312
		*TM_ROTAXIS 0.6423	-0.2689	-0.7178
		*TM_ROTANGLE 2.5396
		*TM_SCALE 1.0000	1.0000	1.0000
		*TM_SCALEAXIS 0.8639	-0.4623	-0.1999
		*TM_SCALEAXISANG 0.5099
	}
*NODE_TM {
		*NODE_NAME "Bip01 Bone26"
		*INHERIT_POS 0 0 0
		*INHERIT_ROT 0 0 0
		*INHERIT_SCL 0 0 0
		*TM_ROW0 -0.0717	0.0915	-0.9932
		*TM_ROW1 -0.7215	-0.6923	-0.0117
		*TM_ROW2 -0.6887	0.7157	0.1156
		*TM_ROW3 -1.2055	2.5653	6.0341
		*TM_POS -1.2055	2.5653	6.0341
		*TM_ROTAXIS 0.6423	-0.2689	-0.7178
		*TM_ROTANGLE 2.5396
		*TM_SCALE 1.0000	1.0000	1.0000
		*TM_SCALEAXIS 0.8639	-0.4623	-0.1999
		*TM_SCALEAXISANG 0.5099
	}
*NODE_TM {
		*NODE_NAME "Bip01 L Thigh"
		*INHERIT_POS 0 0 0
		*INHERIT_ROT 0 0 0
		*INHERIT_SCL 1 1 1
		*TM_ROW0 0.2099	0.0101	-0.9777
		*TM_ROW1 0.8858	-0.4253	0.1857
		*TM_ROW2 -0.4140	-0.9050	-0.0982
		*TM_ROW3 0.5150	1.5140	8.6135
		*TM_POS 0.5150	1.5140	8.6135
		*TM_ROTAXIS -0.7233	-0.3738	0.5807
		*TM_ROTANGLE 2.2874
		*TM_SCALE 1.0000	1.0000	1.0000
		*TM_SCALEAXIS 0.0000	0.9912	0.1322
		*TM_SCALEAXISANG 0.1754
	}
*NODE_TM {
		*NODE_NAME "Bip01 L Calf"
		*INHERIT_POS 0 0 0
		*INHERIT_ROT 0 0 0
		*INHERIT_SCL 1 1 1
		*TM_ROW0 -0.1421	0.1708	-0.9750
		*TM_ROW1 0.8991	-0.3896	-0.1993
		*TM_ROW2 -0.4140	-0.9050	-0.0982
		*TM_ROW3 1.2133	1.5477	5.3604
		*TM_POS 1.2133	1.5477	5.3604
		*TM_ROTAXIS 0.6089	0.4841	-0.6284
		*TM_ROTANGLE 3.7597
		*TM_SCALE 1.0000	1.0000	1.0000
		*TM_SCALEAXIS -0.0000	0.1722	-0.9851
		*TM_SCALEAXISANG 0.3067
	}
*NODE_TM {
		*NODE_NAME "Bip01 L Foot"
		*INHERIT_POS 0 0 0
		*INHERIT_ROT 0 0 0
		*INHERIT_SCL 1 1 1
		*TM_ROW0 0.0021	0.0077	-1.0000
		*TM_ROW1 0.9659	-0.2588	-0.0000
		*TM_ROW2 -0.2588	-0.9659	-0.0080
		*TM_ROW3 0.6393	2.2377	1.4227
		*TM_POS 0.6393	2.2377	1.4227
		*TM_ROTAXIS -0.6234	-0.4784	0.6185
		*TM_ROTANGLE 2.2554
		*TM_SCALE 1.0000	1.0000	1.0000
		*TM_SCALEAXIS -0.9668	0.2556	0.0000
		*TM_SCALEAXISANG 0.0135
	}
*NODE_TM {
		*NODE_NAME "Bip01 L Toe0"
		*INHERIT_POS 0 0 0
		*INHERIT_ROT 0 0 0
		*INHERIT_SCL 1 1 1
		*TM_ROW0 0.9659	-0.2588	-0.0000
		*TM_ROW1 -0.0021	-0.0077	1.0000
		*TM_ROW2 -0.2588	-0.9659	-0.0080
		*TM_ROW3 1.6696	1.9731	0.0244
		*TM_POS 1.6696	1.9731	0.0244
		*TM_ROTAXIS -0.9832	0.1294	0.1284
		*TM_ROTANGLE 1.5957
		*TM_SCALE 1.0000	1.0000	1.0000
		*TM_SCALEAXIS 0.0440	0.9990	-0.0000
		*TM_SCALEAXISANG 0.0130
	}
*NODE_TM {
		*NODE_NAME "Bip01 R Thigh"
		*INHERIT_POS 0 0 0
		*INHERIT_ROT 0 0 0
		*INHERIT_SCL 1 1 1
		*TM_ROW0 -0.0067	-0.2815	-0.9596
		*TM_ROW1 0.3478	-0.9003	0.2617
		*TM_ROW2 -0.9376	-0.3319	0.1039
		*TM_ROW3 -0.4971	0.4933	8.6135
		*TM_POS -0.4971	0.4933	8.6135
		*TM_ROTAXIS 0.6860	0.0254	-0.7272
		*TM_ROTANGLE 3.5890
		*TM_SCALE 1.0000	1.0000	1.0000
		*TM_SCALEAXIS 0.0000	0.0000	0.0000
		*TM_SCALEAXISANG 0.0000
	}
*NODE_TM {
		*NODE_NAME "Bip01 R Calf"
		*INHERIT_POS 0 0 0
		*INHERIT_ROT 0 0 0
		*INHERIT_SCL 1 1 1
		*TM_ROW0 -0.0879	-0.0628	-0.9941
		*TM_ROW1 0.3365	-0.9412	0.0297
		*TM_ROW2 -0.9376	-0.3319	0.1039
		*TM_ROW3 -0.5193	-0.4432	5.4207
		*TM_POS -0.5193	-0.4432	5.4207
		*TM_ROTAXIS 0.6676	0.1045	-0.7372
		*TM_ROTANGLE 3.4159
		*TM_SCALE 1.0000	1.0000	1.0000
		*TM_SCALEAXIS 0.0000	-0.9391	-0.3436
		*TM_SCALEAXISANG 0.1425
	}
*NODE_TM {
		*NODE_NAME "Bip01 R Foot"
		*INHERIT_POS 0 0 0
		*INHERIT_ROT 0 0 0
		*INHERIT_SCL 1 1 1
		*TM_ROW0 -0.0021	-0.0077	-1.0000
		*TM_ROW1 0.0000	-1.0000	0.0077
		*TM_ROW2 -1.0000	0.0000	0.0021
		*TM_ROW3 -0.8744	-0.6969	1.4057
		*TM_POS -0.8744	-0.6969	1.4057
		*TM_ROTAXIS 0.7064	-0.0027	-0.7078
		*TM_ROTANGLE 3.1470
		*TM_SCALE 1.0000	1.0000	1.0000
		*TM_SCALEAXIS -0.0697	0.0000	-0.9976
		*TM_SCALEAXISANG 0.0418
	}
*NODE_TM {
		*NODE_NAME "Bip01 R Toe0"
		*INHERIT_POS 0 0 0
		*INHERIT_ROT 0 0 0
		*INHERIT_SCL 1 1 1
		*TM_ROW0 0.0000	-1.0000	0.0077
		*TM_ROW1 0.0021	0.0077	1.0000
		*TM_ROW2 -1.0000	0.0000	0.0021
		*TM_ROW3 -0.8772	-1.7713	0.0156
		*TM_POS -0.8772	-1.7713	0.0156
		*TM_ROTAXIS -0.5755	0.5799	0.5767
		*TM_ROTANGLE 2.0888
		*TM_SCALE 1.0000	1.0000	1.0000
		*TM_SCALEAXIS -0.7788	-0.0000	-0.6272
		*TM_SCALEAXISANG 0.1322
	}
}
*TM_ANIMATION {
		*NODE_NAME "Bip01"
		*CONTROL_POS_TRACK {
			*CONTROL_POS_SAMPLE 0	0.0090	1.0037	8.6135
			*CONTROL_POS_SAMPLE 800	0.0090	1.0037	8.5535
			*CONTROL_POS_SAMPLE 1600	0.0090	1.0037	8.5036
			*CONTROL_POS_SAMPLE 2400	0.0090	1.0037	8.5103
			*CONTROL_POS_SAMPLE 3200	0.0090	1.0037	8.5663
		}
	}
*TM_ANIMATION {
		*NODE_NAME "Bip01 Footsteps"
		*CONTROL_POS_TRACK {
			*CONTROL_POS_SAMPLE 0	0.0000	-0.0000	-8.6062
			*CONTROL_POS_SAMPLE 800	0.0000	-0.0000	-8.5462
			*CONTROL_POS_SAMPLE 1600	0.0000	-0.0000	-8.4962
			*CONTROL_POS_SAMPLE 2400	0.0000	-0.0000	-8.5030
			*CONTROL_POS_SAMPLE 3200	0.0000	-0.0000	-8.5590
		}
	}
*TM_ANIMATION {
		*NODE_NAME "Bip01 Spine1"
		*CONTROL_ROT_TRACK {
			*CONTROL_ROT_SAMPLE 0	-0.5031	0.0268	0.8638	0.1213
			*CONTROL_ROT_SAMPLE 800	0.5121	0.0141	-0.8588	0.0150
			*CONTROL_ROT_SAMPLE 1600	0.5121	0.0141	-0.8588	0.0144
			*CONTROL_ROT_SAMPLE 2400	0.5121	0.0141	-0.8588	0.0041
			*CONTROL_ROT_SAMPLE 3200	-0.5121	-0.0141	0.8588	0.0166
		}
	}
*TM_ANIMATION {
		*NODE_NAME "Bip01 Head"
		*CONTROL_ROT_TRACK {
			*CONTROL_ROT_SAMPLE 0	-0.2666	0.5683	-0.7784	0.0965
			*CONTROL_ROT_SAMPLE 800	-0.2261	-0.2625	0.9381	0.0386
			*CONTROL_ROT_SAMPLE 1600	-0.2379	-0.2896	0.9271	0.0337
			*CONTROL_ROT_SAMPLE 2400	-0.6278	-0.7553	-0.1880	0.0032
			*CONTROL_ROT_SAMPLE 3200	0.2403	0.2950	-0.9248	0.0382
		}
	}
*TM_ANIMATION {
		*NODE_NAME "Bip01 R UpperArm"
		*CONTROL_ROT_TRACK {
			*CONTROL_ROT_SAMPLE 0	0.3291	0.8140	0.4786	0.8773
			*CONTROL_ROT_SAMPLE 800	-0.4830	-0.7350	-0.4759	0.0081
			*CONTROL_ROT_SAMPLE 1600	-0.6744	-0.6667	-0.3173	0.0073
			*CONTROL_ROT_SAMPLE 2400	-0.7946	0.1304	0.5929	0.0057
			*CONTROL_ROT_SAMPLE 3200	0.7061	0.6485	0.2843	0.0084
		}
	}
*TM_ANIMATION {
		*NODE_NAME "Bip01 R Forearm"
		*CONTROL_ROT_TRACK {
			*CONTROL_ROT_SAMPLE 0	-0.0000	-0.0000	1.0000	0.0922
			*CONTROL_ROT_SAMPLE 800	0.0000	-0.0000	1.0000	0.0135
			*CONTROL_ROT_SAMPLE 1600	0.0000	0.0000	1.0000	0.0113
			*CONTROL_ROT_SAMPLE 2400	-0.0000	-0.0000	-1.0000	0.0015
			*CONTROL_ROT_SAMPLE 3200	0.0000	0.0000	-1.0000	0.0126
		}
	}
*TM_ANIMATION {
		*NODE_NAME "Bip01 L UpperArm"
		*CONTROL_ROT_TRACK {
