*ANINAME "RUN"
{
*SCENE {
	*SCENE_TRANSITION 1
	*SCENE_FIRSTFRAME 0
	*SCENE_LASTFRAME 25
	*SCENE_FRAMESPEED 30
	*SCENE_TICKSPERFRAME 160
}
*MeshTM
{
*NODE_TM {
		*NODE_NAME "Rectangle04"
		*INHERIT_POS 0 0 0
		*INHERIT_ROT 0 0 0
		*INHERIT_SCL 0 0 0
		*TM_ROW0 1.0000	0.0000	0.0000
		*TM_ROW1 0.0000	-0.0000	1.0000
		*TM_ROW2 0.0000	-1.0000	-0.0000
		*TM_ROW3 0.0000 0.0000 3160.6018
		*TM_POS  0.0000 0.0000 3160.6018
		*TM_ROTAXIS -1.0000	-0.0000	-0.0000
		*TM_ROTANGLE 1.5708
		*TM_SCALE 1.0000	1.0000	1.0000
		*TM_SCALEAXIS 0.0000	0.0000	0.0000
		*TM_SCALEAXISANG 0.0000
	}
*NODE_TM {
		*NODE_NAME "Object02"
		*INHERIT_POS 0 0 0
		*INHERIT_ROT 0 0 0
		*INHERIT_SCL 0 0 0
		*TM_ROW0 1.0000	0.0000	0.0000
		*TM_ROW1 0.0000	-0.0000	1.0000
		*TM_ROW2 0.0000	-1.0000	-0.0000
		*TM_ROW3 0.0000	0.0000 2641.0464
		*TM_POS  0.0000	0.0000 2641.0464
		*TM_ROTAXIS -1.0000	-0.0000	-0.0000
		*TM_ROTANGLE 1.5708
		*TM_SCALE 1.0000	1.0000	1.0000
		*TM_SCALEAXIS 0.0000	0.0000	0.0000
		*TM_SCALEAXISANG 0.0000
	}
*NODE_TM {
		*NODE_NAME "NGon04"
		*TM_ROW0 -0.0172	0.9997	-0.0177
		*TM_ROW1 0.7509	0.0246	0.6599
		*TM_ROW2 -0.6601	0.0020	0.7511
		*TM_ROW3 -92.2125	391.5553	1415.2865
		*TM_POS -92.2125	391.5553	1415.2865
		*TM_ROTAXIS -0.6907	0.6744	-0.2611
		*TM_ROTANGLE 3.6380
		*TM_SCALE 1.0000	1.0000	1.0000
		*TM_SCALEAXIS -1.0000	0.0012	-0.0000
		*TM_SCALEAXISANG 0.0690
	}
*NODE_TM {
		*NODE_NAME "Object01"
		*INHERIT_POS 0 0 0
		*INHERIT_ROT 0 0 0
		*INHERIT_SCL 0 0 0
		*TM_ROW0 -0.9715	-0.0125	0.2368
		*TM_ROW1 0.2365	0.0213	0.9714
		*TM_ROW2 0.0172	-0.9997	0.0177
		*TM_ROW3 -836.2263	954.0673	1548.9189
		*TM_POS -836.2263	954.0673	1548.9189
		*TM_ROTAXIS 0.9861	-0.1099	-0.1246
		*TM_ROTANGLE 1.6046
		*TM_SCALE 1.0000	1.0000	1.0000
		*TM_SCALEAXIS -0.9987	0.0510	-0.0000
		*TM_SCALEAXISANG 0.0959
	}
}
*BipTM
{
*NODE_TM {
		*NODE_NAME "Bip01"
		*TM_ROW0 0.0000	-0.8870	-0.4617
		*TM_ROW1 1.0000	0.0000	0.0000
		*TM_ROW2 0.0000	-0.4617	0.8870
		*TM_ROW3 3.3612	70.9290	1203.8617
		*TM_POS 3.3612	70.9290	1203.8617
		*TM_ROTAXIS -0.2312	-0.2312	0.9450
		*TM_ROTANGLE 1.6273
		*TM_SCALE 1.0000	1.0000	1.0000
		*TM_SCALEAXIS 0.0000	0.0000	0.0000
		*TM_SCALEAXISANG 0.0000
	}
*NODE_TM {
		*NODE_NAME "Bip01 Footsteps"
		*TM_ROW0 1.0000	0.0000	0.0000
		*TM_ROW1 0.0000	1.0000	0.0000
		*TM_ROW2 0.0000	0.0000	1.0000
		*TM_ROW3 3.3612	70.9290	280.6615
		*TM_POS 3.3612	70.9290	280.6615
		*TM_ROTAXIS 0.0000	0.0000	0.0000
		*TM_ROTANGLE 0.0000
		*TM_SCALE 1.0000	1.0000	1.0000
		*TM_SCALEAXIS 0.0000	0.0000	0.0000
		*TM_SCALEAXISANG 0.0000
	}
*NODE_TM {
		*NODE_NAME "Bip01 Pelvis"
		*TM_ROW0 -0.0872	-0.4600	0.8836
		*TM_ROW1 0.0868	-0.8871	-0.4533
		*TM_ROW2 0.9924	0.0372	0.1173
		*TM_ROW3 3.3612	70.9290	1203.8617
		*TM_POS 3.3612	70.9290	1203.8617
		*TM_ROTAXIS -0.6605	0.1465	-0.7364
		*TM_ROTANGLE 3.5220
		*TM_SCALE 1.0000	1.0000	1.0000
		*TM_SCALEAXIS -0.0607	0.0000	0.9982
		*TM_SCALEAXISANG 0.2442
	}
*NODE_TM {
		*NODE_NAME "Bip01 Spine"
		*TM_ROW0 0.0000	-0.4625	0.8866
		*TM_ROW1 0.0436	-0.8858	-0.4620
		*TM_ROW2 0.9990	0.0387	0.0201
		*TM_ROW3 3.3551	17.9309	1379.3640
		*TM_POS 3.3551	17.9309	1379.3640
		*TM_ROTAXIS -0.6947	0.1560	-0.7022
		*TM_ROTANGLE 3.5103
		*TM_SCALE 1.0000	1.0000	1.0000
		*TM_SCALEAXIS 0.0000	0.0000	0.0000
		*TM_SCALEAXISANG 0.0000
	}
*NODE_TM {
		*NODE_NAME "Bip01 Spine1"
		*TM_ROW0 -0.0113	-0.4237	0.9057
		*TM_ROW1 0.0863	-0.9028	-0.4212
		*TM_ROW2 0.9962	0.0734	0.0468
		*TM_ROW3 3.3491	-65.5454	1539.7191
		*TM_POS 3.3491	-65.5454	1539.7191
		*TM_ROTAXIS -0.6907	0.1263	-0.7121
		*TM_ROTANGLE 3.5079
		*TM_SCALE 1.0000	1.0000	1.0000
		*TM_SCALEAXIS 0.3035	0.0000	0.9528
		*TM_SCALEAXISANG 0.3744
	}
*NODE_TM {
		*NODE_NAME "Bip01 Spine2"
		*TM_ROW0 -0.0115	-0.6097	0.7926
		*TM_ROW1 -0.2156	-0.7725	-0.5973
		*TM_ROW2 0.9764	-0.1777	-0.1225
		*TM_ROW3 1.3819	-141.8701	1703.6765
		*TM_POS 1.3819	-141.8701	1703.6765
		*TM_ROTAXIS -0.6944	0.3042	-0.6521
		*TM_ROTANGLE 3.4485
		*TM_SCALE 1.0000	1.0000	1.0000
		*TM_SCALEAXIS -0.8878	0.4601	0.0000
		*TM_SCALEAXISANG 0.1658
	}
*NODE_TM {
		*NODE_NAME "Bip01 Neck"
		*TM_ROW0 0.3231	-0.6337	0.7028
		*TM_ROW1 -0.2158	-0.7725	-0.5973
		*TM_ROW2 0.9214	0.0413	-0.3864
		*TM_ROW3 -3.6758	-411.0086	2053.7051
		*TM_POS -3.6758	-411.0086	2053.7051
		*TM_ROTAXIS -0.8044	0.2753	-0.5264
		*TM_ROTANGLE 3.5498
		*TM_SCALE 1.0000	1.0000	1.0000
		*TM_SCALEAXIS 0.0000	0.0000	0.0000
		*TM_SCALEAXISANG 0.0000
	}
*NODE_TM {
		*NODE_NAME "Bip01 Head"
		*TM_ROW0 0.0000	-0.2164	0.9763
		*TM_ROW1 -0.0000	-0.9763	-0.2164
		*TM_ROW2 1.0000	-0.0000	-0.0000
		*TM_ROW3 34.2826	-485.4509	2136.2651
		*TM_POS 34.2826	-485.4509	2136.2651
		*TM_ROTAXIS -0.7050	0.0772	-0.7050
		*TM_ROTANGLE 3.2957
		*TM_SCALE 1.0000	1.0000	1.0000
		*TM_SCALEAXIS -0.5280	-0.0000	-0.8493
		*TM_SCALEAXISANG 0.0169
	}
*NODE_TM {
		*NODE_NAME "Bip01 Ponytail1"
		*TM_ROW0 0.4597	0.1159	-0.8805
		*TM_ROW1 -0.3275	0.9437	-0.0468
		*TM_ROW2 0.8255	0.3099	0.4718
		*TM_ROW3 96.5715	-797.3433	2556.9214
		*TM_POS 96.5715	-797.3433	2556.9214
		*TM_ROTAXIS 0.1984	-0.9486	-0.2466
		*TM_ROTANGLE 1.1179
		*TM_SCALE 1.0000	1.0000	1.0000
		*TM_SCALEAXIS 0.0000	0.0000	0.0000
		*TM_SCALEAXISANG 0.0000
	}
*NODE_TM {
		*NODE_NAME "Bip01 Ponytail2"
		*TM_ROW0 -0.4863	0.0331	-0.8732
		*TM_ROW1 0.4901	0.8376	-0.2412
		*TM_ROW2 0.7234	-0.5453	-0.4236
		*TM_ROW3 -35.6258	-795.0489	2555.0015
		*TM_POS -35.6258	-795.0489	2555.0015
		*TM_ROTAXIS -0.1801	-0.9457	0.2707
		*TM_ROTANGLE 2.1367
		*TM_SCALE 1.0000	1.0000	1.0000
		*TM_SCALEAXIS 0.9785	-0.0000	-0.2063
		*TM_SCALEAXISANG 0.7835
	}
*NODE_TM {
		*NODE_NAME "Bip01 L Clavicle"
		*TM_ROW0 0.9636	-0.0693	-0.2584
		*TM_ROW1 0.2156	0.7730	0.5967
		*TM_ROW2 0.1584	-0.6307	0.7597
		*TM_ROW3 47.3088	-305.0720	1897.9016
		*TM_POS 47.3088	-305.0720	1897.9016
		*TM_ROTAXIS -0.9248	-0.3141	0.2146
		*TM_ROTANGLE 0.7256
		*TM_SCALE 1.0000	1.0000	1.0000
		*TM_SCALEAXIS 0.0000	0.9724	-0.2332
		*TM_SCALEAXISANG 0.1399
	}
*NODE_TM {
		*NODE_NAME "Bip01 L UpperArm"
		*TM_ROW0 0.2626	-0.1708	-0.9497
		*TM_ROW1 0.2621	0.9598	-0.1002
		*TM_ROW2 0.9286	-0.2226	0.2968
		*TM_ROW3 269.5216	-321.0449	1838.3116
		*TM_POS 269.5216	-321.0449	1838.3116
		*TM_ROTAXIS -0.0634	-0.9725	0.2242
		*TM_ROTANGLE 1.3082
		*TM_SCALE 1.0000	1.0000	1.0000
		*TM_SCALEAXIS 0.9501	0.3120	0.0000
		*TM_SCALEAXISANG 0.0675
	}
*NODE_TM {
		*NODE_NAME "Bip01 L Forearm"
		*TM_ROW0 -0.0788	-0.9001	-0.4285
		*TM_ROW1 0.3626	0.3745	-0.8534
		*TM_ROW2 0.9286	-0.2226	0.2968
		*TM_ROW3 384.4610	-395.8078	1422.6598
		*TM_POS 384.4610	-395.8078	1422.6598
		*TM_ROTAXIS 0.3221	-0.6931	0.6449
		*TM_ROTANGLE 1.7760
		*TM_SCALE 1.0000	1.0000	1.0000
		*TM_SCALEAXIS -0.0000	-0.5803	0.8144
		*TM_SCALEAXISANG 0.4565
	}
*NODE_TM {
		*NODE_NAME "Bip01 L Hand"
		*TM_ROW0 -0.2982	-0.8999	-0.3181
		*TM_ROW1 -0.9006	0.3757	-0.2187
		*TM_ROW2 0.3163	0.2213	-0.9225
		*TM_ROW3 348.2592	-809.0901	1225.9265
		*TM_POS 348.2592	-809.0901	1225.9265
		*TM_ROTAXIS 0.5698	-0.8218	-0.0008
		*TM_ROTANGLE 2.7453
		*TM_SCALE 1.0000	1.0000	1.0000
		*TM_SCALEAXIS 0.0000	0.0000	0.0000
		*TM_SCALEAXISANG 0.0000
	}
*NODE_TM {
		*NODE_NAME "Bip01 L Finger0"
		*TM_ROW0 -0.6094	-0.7922	-0.0309
		*TM_ROW1 0.1933	-0.1106	-0.9749
		*TM_ROW2 0.7689	-0.6001	0.2205
		*TM_ROW3 219.2793	-956.3783	1305.1796
		*TM_POS 219.2793	-956.3783	1305.1796
		*TM_ROTAXIS -0.2832	0.6044	-0.7447
		*TM_ROTANGLE 3.8647
		*TM_SCALE 1.0000	1.0000	1.0000
		*TM_SCALEAXIS -0.0000	0.8209	-0.5711
		*TM_SCALEAXISANG 0.2457
	}
*NODE_TM {
		*NODE_NAME "Bip01 L Finger01"
		*TM_ROW0 -0.5058	-0.7820	-0.3642
		*TM_ROW1 0.3910	0.1685	-0.9048
		*TM_ROW2 0.7689	-0.6001	0.2205
		*TM_ROW3 165.7522	-1025.9626	1302.4646
		*TM_POS 165.7522	-1025.9626	1302.4646
		*TM_ROTAXIS -0.1837	0.6830	-0.7070
		*TM_ROTANGLE 4.1199
		*TM_SCALE 1.0000	1.0000	1.0000
		*TM_SCALEAXIS -0.0000	0.7561	0.6545
		*TM_SCALEAXISANG 0.1555
	}
*NODE_TM {
		*NODE_NAME "Bip01 L Finger1"
		*TM_ROW0 -0.4589	-0.8270	-0.3248
		*TM_ROW1 -0.8353	0.5261	-0.1594
		*TM_ROW2 0.3027	0.1982	-0.9322
		*TM_ROW3 252.7061	-1040.9988	1221.1573
		*TM_POS 252.7061	-1040.9988	1221.1573
		*TM_ROTAXIS 0.4951	-0.8688	-0.0116
		*TM_ROTANGLE 2.7721
		*TM_SCALE 1.0000	1.0000	1.0000
		*TM_SCALEAXIS -0.0000	0.0988	0.9951
		*TM_SCALEAXISANG 0.0646
	}
*NODE_TM {
		*NODE_NAME "Bip01 L Finger11"
		*TM_ROW0 -0.6595	-0.6626	-0.3550
		*TM_ROW1 -0.6881	0.7222	-0.0699
		*TM_ROW2 0.3027	0.1982	-0.9322
		*TM_ROW3 183.6515	-1165.4445	1172.2758
		*TM_POS 183.6515	-1165.4445	1172.2758
		*TM_ROTAXIS 0.3772	-0.9254	-0.0358
		*TM_ROTANGLE 2.7783
		*TM_SCALE 1.0000	1.0000	1.0000
		*TM_SCALEAXIS 0.0000	-0.4768	0.8790
		*TM_SCALEAXISANG 0.8138
	}
*NODE_TM {
		*NODE_NAME "Bip01 L Finger2"
		*TM_ROW0 -0.4573	-0.8287	-0.3227
		*TM_ROW1 -0.8758	0.4826	0.0017
		*TM_ROW2 0.1544	0.2834	-0.9465
		*TM_ROW3 280.6183	-1005.4839	1111.2191
		*TM_POS 280.6183	-1005.4839	1111.2191
		*TM_ROTAXIS 0.5067	-0.8580	-0.0847
		*TM_ROTANGLE 2.8598
		*TM_SCALE 1.0000	1.0000	1.0000
		*TM_SCALEAXIS 0.0000	0.0000	0.0000
		*TM_SCALEAXISANG 0.0000
	}
*NODE_TM {
		*NODE_NAME "Bip01 L Finger21"
		*TM_ROW0 -0.6024	-0.7323	-0.3175
		*TM_ROW1 -0.7831	0.6192	0.0577
		*TM_ROW2 0.1544	0.2834	-0.9465
		*TM_ROW3 212.5465	-1128.8510	1063.1743
		*TM_POS 212.5465	-1128.8510	1063.1743
		*TM_ROTAXIS 0.4295	-0.8979	-0.0967
		*TM_ROTANGLE 2.8757
		*TM_SCALE 1.0000	1.0000	1.0000
		*TM_SCALEAXIS -0.0000	-0.2033	-0.9791
		*TM_SCALEAXISANG 0.7928
	}
*NODE_TM {
		*NODE_NAME "Bip01 R Clavicle"
		*TM_ROW0 -0.9237	0.3786	0.0586
		*TM_ROW1 0.3412	0.7431	0.5756
		*TM_ROW2 0.1744	0.5517	-0.8156
		*TM_ROW3 -50.4265	-287.2827	1910.1676
		*TM_POS -50.4265	-287.2827	1910.1676
		*TM_ROTAXIS -0.1930	-0.9335	-0.3022
		*TM_ROTANGLE 3.0796
		*TM_SCALE 1.0000	1.0000	1.0000
		*TM_SCALEAXIS 0.6547	0.0000	0.7559
		*TM_SCALEAXISANG 0.2554
	}
*NODE_TM {
		*NODE_NAME "Bip01 R UpperArm"
		*TM_ROW0 -0.2707	0.8144	-0.5133
		*TM_ROW1 0.4698	0.5772	0.6679
		*TM_ROW2 0.8402	-0.0604	-0.5389
		*TM_ROW3 -263.4442	-199.9602	1923.6913
		*TM_POS -263.4442	-199.9602	1923.6913
		*TM_ROTAXIS -0.4623	-0.8593	-0.2187
		*TM_ROTANGLE 2.2347
		*TM_SCALE 1.0000	1.0000	1.0000
		*TM_SCALEAXIS 0.0000	0.0000	0.0000
		*TM_SCALEAXISANG 0.0000
	}
*NODE_TM {
		*NODE_NAME "Bip01 R Forearm"
		*TM_ROW0 -0.3419	0.7124	-0.6129
		*TM_ROW1 0.4209	0.6992	0.5779
		*TM_ROW2 0.8402	-0.0604	-0.5389
		*TM_ROW3 -381.9292	156.4807	1699.0179
		*TM_POS -381.9292	156.4807	1699.0179
		*TM_ROTAXIS -0.3955	-0.9005	-0.1807
		*TM_ROTANGLE 2.2028
		*TM_SCALE 1.0000	1.0000	1.0000
		*TM_SCALEAXIS -0.0000	-0.2429	-0.9701
		*TM_SCALEAXISANG 0.5745
	}
*NODE_TM {
		*NODE_NAME "Bip01 R Hand"
		*TM_ROW0 -0.3298	0.8385	-0.4338
		*TM_ROW1 0.9044	0.1489	-0.3997
		*TM_ROW2 -0.2706	-0.5242	-0.8075
		*TM_ROW3 -538.9052	483.5696	1417.6139
		*TM_POS -538.9052	483.5696	1417.6139
		*TM_ROTAXIS -0.5772	-0.7571	0.3060
		*TM_ROTANGLE 3.0336
		*TM_SCALE 1.0000	1.0000	1.0000
		*TM_SCALEAXIS 0.3973	-0.9136	0.0865
		*TM_SCALEAXISANG 0.6683
	}
*NODE_TM {
		*NODE_NAME "Bip01 R Finger0"
		*TM_ROW0 0.2872	0.0767	-0.9548
		*TM_ROW1 -0.5457	0.8323	-0.0973
		*TM_ROW2 0.7872	0.5490	0.2809
		*TM_ROW3 -587.2986	535.5048	1218.6881
		*TM_POS -587.2986	535.5048	1218.6881
		*TM_ROTAXIS 0.3298	-0.8890	-0.3177
		*TM_ROTANGLE 1.3692
		*TM_SCALE 1.0000	1.0000	1.0000
		*TM_SCALEAXIS -0.5231	-0.0000	-0.8522
		*TM_SCALEAXISANG 0.0987
	}
*NODE_TM {
		*NODE_NAME "Bip01 R Finger01"
		*TM_ROW0 -0.4536	0.8241	-0.3394
		*TM_ROW1 -0.4178	0.1398	0.8977
		*TM_ROW2 0.7872	0.5490	0.2809
		*TM_ROW3 -562.0709	542.2440	1134.8271
		*TM_POS -562.0709	542.2440	1134.8271
		*TM_ROTAXIS -0.2036	-0.6578	-0.7251
		*TM_ROTANGLE 2.1135
		*TM_SCALE 1.0000	1.0000	1.0000
		*TM_SCALEAXIS 0.0000	0.9065	-0.4222
		*TM_SCALEAXISANG 0.3954
	}
*NODE_TM {
		*NODE_NAME "Bip01 R Finger1"
		*TM_ROW0 0.9029	0.1459	-0.4043
		*TM_ROW1 0.3373	-0.8235	0.4561
		*TM_ROW2 -0.2664	-0.5482	-0.7928
		*TM_ROW3 -638.5436	643.2830	1251.7869
		*TM_POS -638.5436	643.2830	1251.7869
		*TM_ROTAXIS -0.9735	-0.1337	0.1855
		*TM_ROTANGLE 2.5996
		*TM_SCALE 1.0000	1.0000	1.0000
		*TM_SCALEAXIS 0.9260	-0.3617	0.1080
		*TM_SCALEAXISANG 0.8405
	}
*NODE_TM {
		*NODE_NAME "Bip01 R Finger11"
		*TM_ROW0 0.2573	-0.8331	0.4896
		*TM_ROW1 -0.9289	-0.0736	0.3630
		*TM_ROW2 -0.2664	-0.5482	-0.7928
		*TM_ROW3 -502.6723	665.2363	1190.9449
		*TM_POS -502.6723	665.2363	1190.9449
		*TM_ROTAXIS -0.7671	0.6364	-0.0806
		*TM_ROTANGLE 2.5056
		*TM_SCALE 1.0000	1.0000	1.0000
		*TM_SCALEAXIS -0.2448	-0.9684	-0.0480
		*TM_SCALEAXISANG 0.8082
	}
*NODE_TM {
		*NODE_NAME "Bip01 R Finger2"
		*TM_ROW0 0.8434	0.0552	-0.5345
		*TM_ROW1 0.3298	-0.8385	0.4338
		*TM_ROW2 -0.4242	-0.5421	-0.7254
		*TM_ROW3 -593.7621	702.5624	1344.5627
		*TM_POS -593.7621	702.5624	1344.5627
		*TM_ROTAXIS -0.9570	-0.1081	0.2692
		*TM_ROTANGLE 2.6065
		*TM_SCALE 1.0000	1.0000	1.0000
		*TM_SCALEAXIS 0.9706	0.0000	-0.2409
		*TM_SCALEAXISANG 0.7775
	}
*NODE_TM {
		*NODE_NAME "Bip01 R Finger21"
		*TM_ROW0 0.3298	-0.8385	0.4338
		*TM_ROW1 -0.8434	-0.0552	0.5345
		*TM_ROW2 -0.4242	-0.5421	-0.7254
		*TM_ROW3 -468.2089	710.7839	1264.9996
		*TM_POS -468.2089	710.7839	1264.9996
		*TM_ROTAXIS -0.7820	0.6232	-0.0036
		*TM_ROTANGLE 2.3824
		*TM_SCALE 1.0000	1.0000	1.0000
		*TM_SCALEAXIS -0.2632	-0.9625	-0.0659
		*TM_SCALEAXISANG 0.8126
	}
*NODE_TM {
		*NODE_NAME "Bip01 L Thigh"
		*TM_ROW0 0.0557	0.6850	-0.7264
		*TM_ROW1 0.2021	-0.7203	-0.6636
		*TM_ROW2 -0.9778	-0.1098	-0.1786
		*TM_ROW3 158.7950	76.7582	1222.2271
		*TM_POS 158.7950	76.7582	1222.2271
		*TM_ROTAXIS -0.7132	-0.3237	0.6218
		*TM_ROTANGLE 3.5403
		*TM_SCALE 1.0000	1.0000	1.0000
		*TM_SCALEAXIS 0.0000	0.0000	0.0000
		*TM_SCALEAXISANG 0.0000
	}
*NODE_TM {
		*NODE_NAME "Bip01 L Calf"
		*TM_ROW0 -0.0370	0.9288	-0.3687
		*TM_ROW1 0.2064	-0.3539	-0.9122
		*TM_ROW2 -0.9778	-0.1098	-0.1786
		*TM_ROW3 198.6995	567.1451	702.1343
		*TM_POS 198.6995	567.1451	702.1343
		*TM_ROTAXIS -0.6473	-0.4913	0.5828
		*TM_ROTANGLE 3.8101
		*TM_SCALE 1.0000	1.0000	1.0000
		*TM_SCALEAXIS -0.0000	0.4498	-0.8931
		*TM_SCALEAXISANG 0.5378
	}
*NODE_TM {
		*NODE_NAME "Bip01 L Foot"
		*TM_ROW0 -0.1242	0.5552	-0.8224
		*TM_ROW1 0.2663	-0.7798	-0.5666
		*TM_ROW2 -0.9559	-0.2894	-0.0510
		*TM_ROW3 170.6803	1270.5665	422.9059
		*TM_POS 170.6803	1270.5665	422.9059
		*TM_ROTAXIS 0.6569	0.3162	-0.6845
		*TM_ROTANGLE 2.9289
		*TM_SCALE 1.0000	1.0000	1.0000
		*TM_SCALEAXIS 0.0650	0.9979	0.0000
		*TM_SCALEAXISANG 0.1407
	}
*NODE_TM {
		*NODE_NAME "Bip01 L Toe0"
		*TM_ROW0 0.2927	-0.9529	-0.0795
		*TM_ROW1 -0.0256	-0.0909	0.9955
		*TM_ROW2 -0.9559	-0.2894	-0.0510
		*TM_ROW3 222.7075	1173.6035	-1.8741
		*TM_POS 222.7075	1173.6035	-1.8741
		*TM_ROTAXIS -0.7096	0.4840	0.5121
		*TM_ROTANGLE 2.0093
		*TM_SCALE 1.0000	1.0000	1.0000
		*TM_SCALEAXIS 0.9451	-0.1009	-0.3110
		*TM_SCALEAXISANG 0.0855
	}
*NODE_TM {
		*NODE_NAME "Bip01 R Thigh"
		*TM_ROW0 -0.2377	-0.7173	-0.6549
		*TM_ROW1 0.0344	-0.6801	0.7324
		*TM_ROW2 -0.9707	0.1515	0.1863
		*TM_ROW3 -152.0726	65.0996	1185.4963
		*TM_POS -152.0726	65.0996	1185.4963
		*TM_ROTAXIS 0.5802	-0.3154	-0.7509
		*TM_ROTANGLE 3.6658
		*TM_SCALE 1.0000	1.0000	1.0000
		*TM_SCALEAXIS 0.0000	0.0000	0.0000
		*TM_SCALEAXISANG 0.0000
	}
*NODE_TM {
		*NODE_NAME "Bip01 R Calf"
		*TM_ROW0 0.1419	0.9878	-0.0640
		*TM_ROW1 -0.1937	-0.0357	-0.9804
		*TM_ROW2 -0.9707	0.1515	0.1863
		*TM_ROW3 -322.2159	-448.4689	716.5969
		*TM_POS -322.2159	-448.4689	716.5969
		*TM_ROTAXIS 0.6051	0.4847	-0.6316
		*TM_ROTANGLE 1.9324
		*TM_SCALE 1.0000	1.0000	1.0000
		*TM_SCALEAXIS 0.0000	0.5305	0.8477
		*TM_SCALEAXISANG 0.2944
	}
*NODE_TM {
		*NODE_NAME "Bip01 R Foot"
		*TM_ROW0 0.1007	0.9610	-0.2575
		*TM_ROW1 -0.1416	-0.2423	-0.9598
		*TM_ROW2 -0.9848	0.1331	0.1116
		*TM_ROW3 -214.7592	299.6342	668.1205
		*TM_POS -214.7592	299.6342	668.1205
		*TM_ROTAXIS 0.6375	0.4243	-0.6431
		*TM_ROTANGLE 2.1118
		*TM_SCALE 1.0000	1.0000	1.0000
		*TM_SCALEAXIS 0.0000	0.0247	0.9997
		*TM_SCALEAXISANG 0.3588
	}
*NODE_TM {
		*NODE_NAME "Bip01 R Toe0"
		*TM_ROW0 -0.1416	-0.2423	-0.9598
		*TM_ROW1 -0.1007	-0.9610	0.2575
		*TM_ROW2 -0.9848	0.1331	0.1116
		*TM_ROW3 -232.3956	497.4153	276.8172
		*TM_POS -232.3956	497.4153	276.8172
		*TM_ROTAXIS 0.6542	-0.1314	-0.7449
		*TM_ROTANGLE 3.2368
		*TM_SCALE 1.0000	1.0000	1.0000
		*TM_SCALEAXIS 0.0521	-0.4587	0.8871
		*TM_SCALEAXISANG 0.4518
	}
*NODE_TM {
		*NODE_NAME "Bip01 Tail"
		*TM_ROW0 0.1116	0.8933	-0.4355
		*TM_ROW1 -0.9438	0.2324	0.2349
		*TM_ROW2 0.3111	0.3848	0.8690
		*TM_ROW3 -210.3185	406.1315	1202.2330
		*TM_POS -210.3185	406.1315	1202.2330
		*TM_ROTAXIS 0.0754	-0.3754	-0.9238
		*TM_ROTANGLE 1.4641
		*TM_SCALE 1.0000	1.0000	1.0000
		*TM_SCALEAXIS 0.0000	0.7363	-0.6767
		*TM_SCALEAXISANG 0.8685
	}
}
*TM_ANIMATION {
		*NODE_NAME "Bip01"
		*CONTROL_POS_TRACK {
			*CONTROL_POS_SAMPLE 0		3.3612	70.9290	1203.8617
			*CONTROL_POS_SAMPLE 800		8.8689	70.9290	1697.4424
			*CONTROL_POS_SAMPLE 1600	-37.0967	70.9290	1340.8016
			*CONTROL_POS_SAMPLE 2400	-63.0788	70.9290	1462.2087
			*CONTROL_POS_SAMPLE 3200	-40.5764	70.9290	1623.2654
		}
	}
*TM_ANIMATION {
		*NODE_NAME "Bip01 Footsteps"
		*CONTROL_POS_TRACK {
			*CONTROL_POS_SAMPLE 0		494.0693	-0.0001	-949.0984
			*CONTROL_POS_SAMPLE 800		721.9795	-0.0001	-1386.9099
			*CONTROL_POS_SAMPLE 1600	439.4465	-0.0001	-844.1689
			*CONTROL_POS_SAMPLE 2400	648.7508	-0.0001	-1246.2386
			*CONTROL_POS_SAMPLE 3200	619.9454	-0.0001	-1190.9041
		}
	}
*TM_ANIMATION {
		*NODE_NAME "Bip01 Pelvis"
		*CONTROL_ROT_TRACK {
			*CONTROL_ROT_SAMPLE 0		0.5407	0.5948	0.5948	1.9967
			*CONTROL_ROT_SAMPLE 800	0.9491	-0.0000	-0.3148	0.1638
			*CONTROL_ROT_SAMPLE 1600	-0.2378	-0.0903	-0.9671	6.1220
			*CONTROL_ROT_SAMPLE 2400	-0.6680	0.0313	0.7435	0.1595
			*CONTROL_ROT_SAMPLE 3200	0.8623	-0.0330	0.5053	6.1670
		}
	}
*TM_ANIMATION {
		*NODE_NAME "Bip01 Spine"
		*CONTROL_POS_TRACK {
			*CONTROL_POS_SAMPLE 0		179.4592	-32.5307	18.6008
			*CONTROL_POS_SAMPLE 800		179.7426	-35.4851	-7.4617
			*CONTROL_POS_SAMPLE 1600	179.1432	-33.6109	-19.7817
			*CONTROL_POS_SAMPLE 2400	180.1306	-33.8816	-4.6429
			*CONTROL_POS_SAMPLE 3200	179.2682	-35.3307	15.3386
		}
		*CONTROL_ROT_TRACK {
			*CONTROL_ROT_SAMPLE 0		0.4471	0.8920	-0.0666	0.0976
			*CONTROL_ROT_SAMPLE 800	0.1665	-0.5879	-0.7916	0.2908
			*CONTROL_ROT_SAMPLE 1600	-0.3874	-0.1402	0.9112	0.1924
			*CONTROL_ROT_SAMPLE 2400	-0.5788	0.7225	-0.3781	0.1467
			*CONTROL_ROT_SAMPLE 3200	0.2246	0.7910	-0.5690	0.1304
		}
	}
*TM_ANIMATION {
		*NODE_NAME "Bip01 Spine1"
		*CONTROL_POS_TRACK {
			*CONTROL_POS_SAMPLE 0		180.7817	-0.1436	-0.0062
			*CONTROL_POS_SAMPLE 800		180.7995	-0.1433	-0.0070
			*CONTROL_POS_SAMPLE 1600	180.7870	-0.1440	0.0029
			*CONTROL_POS_SAMPLE 2400	180.7912	-0.1438	0.0074
			*CONTROL_POS_SAMPLE 3200	180.7972	-0.1436	0.0029
		}
		*CONTROL_ROT_TRACK {
			*CONTROL_ROT_SAMPLE 0		-0.6939	-0.1370	0.7070	0.0621
			*CONTROL_ROT_SAMPLE 800	-0.0193	-0.6791	-0.7338	0.1762
			*CONTROL_ROT_SAMPLE 1600	0.4719	0.5980	0.6479	0.1386
			*CONTROL_ROT_SAMPLE 2400	0.2108	0.9491	-0.2342	0.1464
			*CONTROL_ROT_SAMPLE 3200	-0.5681	0.2851	-0.7720	0.0570
		}
	}
*TM_ANIMATION {
		*NODE_NAME "Bip01 Spine2"
		*CONTROL_POS_TRACK {
			*CONTROL_POS_SAMPLE 0		180.8625	-0.3273	0.1053
			*CONTROL_POS_SAMPLE 800		180.8487	-0.3261	0.1172
			*CONTROL_POS_SAMPLE 1600	180.8574	-0.3419	-0.0438
			*CONTROL_POS_SAMPLE 2400	180.8558	-0.3195	-0.1303
			*CONTROL_POS_SAMPLE 3200	180.8491	-0.3425	-0.0513
		}
		*CONTROL_ROT_TRACK {
			*CONTROL_ROT_SAMPLE 0		0.8123	0.0376	-0.5820	0.3755
			*CONTROL_ROT_SAMPLE 800	0.4038	-0.7378	0.5408	0.1447
			*CONTROL_ROT_SAMPLE 1600	-0.9984	0.0094	-0.0561	0.4747
			*CONTROL_ROT_SAMPLE 2400	-0.9414	0.3212	0.1032	0.2967
			*CONTROL_ROT_SAMPLE 3200	0.9637	0.2241	0.1454	0.2357
		}
	}
*TM_ANIMATION {
		*NODE_NAME "Bip01 Head"
		*CONTROL_ROT_TRACK {
			*CONTROL_ROT_SAMPLE 0		-0.2231	-0.6107	0.7598	0.6197
			*CONTROL_ROT_SAMPLE 800	0.1372	0.6773	0.7228	0.2692
			*CONTROL_ROT_SAMPLE 1600	0.7396	-0.3242	-0.5899	0.3852
			*CONTROL_ROT_SAMPLE 2400	0.5875	-0.8063	0.0685	0.3117
			*CONTROL_ROT_SAMPLE 3200	-0.7510	-0.2027	0.6284	0.1750
		}
	}
*TM_ANIMATION {
		*NODE_NAME "Bip01 Ponytail1"
		*CONTROL_POS_TRACK {
			*CONTROL_POS_SAMPLE 0		478.1905	213.4532	62.2891
			*CONTROL_POS_SAMPLE 800		478.1707	213.4356	62.3371
			*CONTROL_POS_SAMPLE 1600	478.2466	213.3933	62.3550
			*CONTROL_POS_SAMPLE 2400	478.2236	213.4096	62.3500
			*CONTROL_POS_SAMPLE 3200	478.1673	213.4438	62.3234
		}
		*CONTROL_ROT_TRACK {
			*CONTROL_ROT_SAMPLE 0		-0.2250	0.1931	-0.9550	2.9693
			*CONTROL_ROT_SAMPLE 800	-0.7768	-0.4190	-0.4701	0.2736
			*CONTROL_ROT_SAMPLE 1600	-0.1465	0.1499	0.9778	0.3733
			*CONTROL_ROT_SAMPLE 2400	0.0004	-0.2930	-0.9561	0.1449
			*CONTROL_ROT_SAMPLE 3200	0.3862	-0.0799	-0.9190	0.2658
		}
	}
*TM_ANIMATION {
		*NODE_NAME "Bip01 Ponytail2"
		*CONTROL_POS_TRACK {
			*CONTROL_POS_SAMPLE 0		475.8195	211.6289	-69.9082
			*CONTROL_POS_SAMPLE 800		475.7508	211.6542	-69.9084
			*CONTROL_POS_SAMPLE 1600	475.8253	211.6138	-69.9250
			*CONTROL_POS_SAMPLE 2400	475.8005	211.6315	-69.9187
			*CONTROL_POS_SAMPLE 3200	475.7620	211.6528	-69.9062
		}
		*CONTROL_ROT_TRACK {
			*CONTROL_ROT_SAMPLE 0		0.2163	-0.3082	-0.9264	2.8269
			*CONTROL_ROT_SAMPLE 800	0.0861	0.2228	-0.9711	0.3424
			*CONTROL_ROT_SAMPLE 1600	0.1320	-0.1567	0.9788	0.3658
			*CONTROL_ROT_SAMPLE 2400	-0.0389	0.2836	-0.9582	0.1504
			*CONTROL_ROT_SAMPLE 3200	-0.2266	0.1576	-0.9611	0.1861
		}
	}
*TM_ANIMATION {
		*NODE_NAME "Bip01 L Clavicle"
		*CONTROL_ROT_TRACK {
			*CONTROL_ROT_SAMPLE 0		-0.7660	0.0003	-0.6428	3.1411
			*CONTROL_ROT_SAMPLE 800	-0.9397	0.0007	0.3420	0.1167
			*CONTROL_ROT_SAMPLE 1600	-0.9397	0.0007	0.3420	0.0288
			*CONTROL_ROT_SAMPLE 2400	0.9397	-0.0007	-0.3420	0.0800
			*CONTROL_ROT_SAMPLE 3200	0.9397	-0.0007	-0.3420	0.0751
		}
	}
*TM_ANIMATION {
		*NODE_NAME "Bip01 L UpperArm"
		*CONTROL_ROT_TRACK {
			*CONTROL_ROT_SAMPLE 0		0.4570	-0.7601	0.4619	1.1800
			*CONTROL_ROT_SAMPLE 800	0.8932	0.2407	0.3798	0.3414
			*CONTROL_ROT_SAMPLE 1600	-0.9594	0.0017	-0.2819	1.0993
			*CONTROL_ROT_SAMPLE 2400	-0.4879	0.5496	-0.6782	0.4690
			*CONTROL_ROT_SAMPLE 3200	0.9102	-0.0210	0.4136	0.5099
		}
	}
*TM_ANIMATION {
		*NODE_NAME "Bip01 L Forearm"
		*CONTROL_ROT_TRACK {
			*CONTROL_ROT_SAMPLE 0		0.0000	0.0000	1.0000	1.0004
			*CONTROL_ROT_SAMPLE 800	-0.0000	-0.0000	1.0000	0.4593
			*CONTROL_ROT_SAMPLE 1600	0.0000	0.0000	-1.0000	0.3204
			*CONTROL_ROT_SAMPLE 2400	-0.0000	0.0000	-1.0000	0.5880
			*CONTROL_ROT_SAMPLE 3200	0.0000	-0.0000	-1.0000	0.0790
		}
	}
*TM_ANIMATION {
		*NODE_NAME "Bip01 L Hand"
		*CONTROL_ROT_TRACK {
			*CONTROL_ROT_SAMPLE 0		0.9852	-0.1712	0.0001	1.6002
			*CONTROL_ROT_SAMPLE 800	-0.1736	0.0000	-0.9848	0.0389
			*CONTROL_ROT_SAMPLE 1600	-0.1737	-0.0000	-0.9848	0.0064
			*CONTROL_ROT_SAMPLE 2400	-0.1736	0.0000	-0.9848	0.0011
			*CONTROL_ROT_SAMPLE 3200	0.1736	0.0000	0.9848	0.0140
		}
	}
*TM_ANIMATION {
		*NODE_NAME "Bip01 R Clavicle"
		*CONTROL_ROT_TRACK {
			*CONTROL_ROT_SAMPLE 0		0.4995	-0.0423	-0.8653	3.2411
			*CONTROL_ROT_SAMPLE 800	0.9397	-0.0007	-0.3420	0.0057
			*CONTROL_ROT_SAMPLE 1600	0.9397	-0.0008	-0.3420	0.0036
			*CONTROL_ROT_SAMPLE 2400	0.9397	-0.0008	-0.3420	0.0056
			*CONTROL_ROT_SAMPLE 3200	-0.9397	0.0008	0.3420	0.0022
		}
	}
*TM_ANIMATION {
		*NODE_NAME "Bip01 R UpperArm"
		*CONTROL_ROT_TRACK {
			*CONTROL_ROT_SAMPLE 0		0.0448	0.9718	-0.2316	1.0153
			*CONTROL_ROT_SAMPLE 800	-0.6936	-0.7189	0.0458	0.3637
			*CONTROL_ROT_SAMPLE 1600	0.3431	0.3468	-0.8730	0.4615
			*CONTROL_ROT_SAMPLE 2400	-0.2580	0.5186	0.8152	0.2809
			*CONTROL_ROT_SAMPLE 3200	-0.3310	-0.0722	0.9409	0.3259
		}
	}
*TM_ANIMATION {
		*NODE_NAME "Bip01 R Forearm"
		*CONTROL_ROT_TRACK {
			*CONTROL_ROT_SAMPLE 0		0.0000	0.0000	1.0000	0.1595
			*CONTROL_ROT_SAMPLE 800	0.0000	-0.0000	1.0000	0.2175
			*CONTROL_ROT_SAMPLE 1600	-0.0000	0.0000	-1.0000	0.2768
			*CONTROL_ROT_SAMPLE 2400	0.0000	0.0000	1.0000	0.0897
			*CONTROL_ROT_SAMPLE 3200	-0.0000	-0.0000	1.0000	0.1659
		}
	}
*TM_ANIMATION {
		*NODE_NAME "Bip01 R Hand"
		*CONTROL_ROT_TRACK {
			*CONTROL_ROT_SAMPLE 0		-0.9842	-0.1584	-0.0797	1.3340
			*CONTROL_ROT_SAMPLE 800	-0.5620	0.5085	0.6523	0.4716
			*CONTROL_ROT_SAMPLE 1600	0.5231	-0.2960	0.7992	0.3724
			*CONTROL_ROT_SAMPLE 2400	-0.9086	0.3501	-0.2276	0.3544
			*CONTROL_ROT_SAMPLE 3200	-0.4603	0.2213	-0.8597	0.3705
		}
	}
*TM_ANIMATION {
		*NODE_NAME "Bip01 R Finger0"
		*CONTROL_ROT_TRACK {
			*CONTROL_ROT_SAMPLE 0		-0.8152	-0.5251	-0.2443	3.7201
			*CONTROL_ROT_SAMPLE 800	0.5721	0.8165	-0.0784	0.0463
			*CONTROL_ROT_SAMPLE 1600	0.5721	0.8165	-0.0784	0.0290
			*CONTROL_ROT_SAMPLE 2400	0.5721	0.8165	-0.0784	0.0458
			*CONTROL_ROT_SAMPLE 3200	-0.5721	-0.8165	0.0784	0.0176
		}
	}
*TM_ANIMATION {
		*NODE_NAME "Bip01 R Finger01"
		*CONTROL_ROT_TRACK {
			*CONTROL_ROT_SAMPLE 0		0.0000	-0.0000	-1.0000	1.3109
			*CONTROL_ROT_SAMPLE 800	-0.0000	-0.0000	-1.0000	0.0416
			*CONTROL_ROT_SAMPLE 1600	-0.0000	-0.0000	-1.0000	0.0261
			*CONTROL_ROT_SAMPLE 2400	0.0000	-0.0000	-1.0000	0.0412
			*CONTROL_ROT_SAMPLE 3200	0.0000	0.0000	1.0000	0.0159
		}
	}
*TM_ANIMATION {
		*NODE_NAME "Bip01 R Finger1"
		*CONTROL_ROT_TRACK {
			*CONTROL_ROT_SAMPLE 0		0.0111	0.0168	-0.9998	1.5710
			*CONTROL_ROT_SAMPLE 800	0.0279	0.0057	-0.9996	0.0606
			*CONTROL_ROT_SAMPLE 1600	0.0279	0.0057	-0.9996	0.0379
			*CONTROL_ROT_SAMPLE 2400	0.0279	0.0057	-0.9996	0.0600
			*CONTROL_ROT_SAMPLE 3200	-0.0279	-0.0057	0.9996	0.0231
		}
	}
*TM_ANIMATION {
		*NODE_NAME "Bip01 R Finger11"
		*CONTROL_ROT_TRACK {
			*CONTROL_ROT_SAMPLE 0		0.0000	0.0000	-1.0000	1.6581
			*CONTROL_ROT_SAMPLE 800	-0.0000	-0.0000	-1.0000	0.0606
			*CONTROL_ROT_SAMPLE 1600	0.0000	-0.0000	-1.0000	0.0379
			*CONTROL_ROT_SAMPLE 2400	-0.0000	-0.0000	-1.0000	0.0600
			*CONTROL_ROT_SAMPLE 3200	0.0000	0.0000	1.0000	0.0231
		}
	}
*TM_ANIMATION {
		*NODE_NAME "Bip01 R Finger2"
		*CONTROL_ROT_TRACK {
			*CONTROL_ROT_SAMPLE 0		-0.0872	0.0872	-0.9924	1.5785
			*CONTROL_ROT_SAMPLE 800	0.0000	0.1744	-0.9847	0.0606
			*CONTROL_ROT_SAMPLE 1600	-0.0000	0.1744	-0.9847	0.0379
			*CONTROL_ROT_SAMPLE 2400	0.0000	0.1744	-0.9847	0.0600
			*CONTROL_ROT_SAMPLE 3200	0.0000	-0.1744	0.9847	0.0231
		}
*TM_ANIMATION {
		*NODE_NAME "Bip01 R Finger21"
		*CONTROL_ROT_TRACK {
			*CONTROL_ROT_SAMPLE 0		0.0000	-0.0000	-1.0000	1.5708
			*CONTROL_ROT_SAMPLE 800	-0.0000	-0.0000	-1.0000	0.0606
			*CONTROL_ROT_SAMPLE 1600	-0.0000	0.0000	-1.0000	0.0379
			*CONTROL_ROT_SAMPLE 2400	0.0000	0.0000	-1.0000	0.0600
			*CONTROL_ROT_SAMPLE 3200	0.0000	0.0000	1.0000	0.0231
		}
	}
*TM_ANIMATION {
		*NODE_NAME "Bip01 L Thigh"
		*CONTROL_POS_TRACK {
			*CONTROL_POS_SAMPLE 0		-166.5238	27.2705	154.4033
			*CONTROL_POS_SAMPLE 800		-180.0496	66.3332	153.8593
			*CONTROL_POS_SAMPLE 1600	-193.5707	47.4213	156.9156
			*CONTROL_POS_SAMPLE 2400	-172.4829	70.0215	157.9510
			*CONTROL_POS_SAMPLE 3200	-152.0511	76.9468	155.9056
		}
		*CONTROL_ROT_TRACK {
			*CONTROL_ROT_SAMPLE 0		0.1328	-0.9883	-0.0755	3.2303
			*CONTROL_ROT_SAMPLE 800	0.0964	-0.2125	0.9724	0.7293
			*CONTROL_ROT_SAMPLE 1600	-0.0127	-0.1760	0.9843	0.5467
			*CONTROL_ROT_SAMPLE 2400	0.1671	0.0012	0.9859	1.0144
			*CONTROL_ROT_SAMPLE 3200	0.0450	0.2258	-0.9731	0.6369
		}
	}
*TM_ANIMATION {
		*NODE_NAME "Bip01 L Calf"
		*CONTROL_ROT_TRACK {
			*CONTROL_ROT_SAMPLE 0		0.0000	0.0000	1.0000	0.4465
			*CONTROL_ROT_SAMPLE 800	-0.0000	-0.0000	1.0000	1.1330
			*CONTROL_ROT_SAMPLE 1600	0.0000	-0.0000	-1.0000	5.6405
			*CONTROL_ROT_SAMPLE 2400	-0.0000	-0.0000	1.0000	5.4623
			*CONTROL_ROT_SAMPLE 3200	-0.0000	0.0000	-1.0000	0.9091
		}
	}
*TM_ANIMATION {
		*NODE_NAME "Bip01 L Foot"
		*CONTROL_ROT_TRACK {
			*CONTROL_ROT_SAMPLE 0		0.0222	0.3717	-0.9281	0.6034
			*CONTROL_ROT_SAMPLE 800	-0.2576	-0.2015	0.9450	1.2037
			*CONTROL_ROT_SAMPLE 1600	0.1235	-0.0302	-0.9919	0.5618
			*CONTROL_ROT_SAMPLE 2400	0.9094	-0.4155	0.0161	0.2870
			*CONTROL_ROT_SAMPLE 3200	-0.1172	0.7652	0.6331	0.2017
		}
	}
*TM_ANIMATION {
		*NODE_NAME "Bip01 L Toe0"
		*CONTROL_ROT_TRACK {
			*CONTROL_ROT_SAMPLE 0		0.0000	-0.0000	-1.0000	2.0944
			*CONTROL_ROT_SAMPLE 800	-0.0000	-0.0000	1.0000	0.2330
			*CONTROL_ROT_SAMPLE 1600	-0.0000	-0.0000	1.0000	0.2251
			*CONTROL_ROT_SAMPLE 2400	0.0000	-0.0000	-1.0000	0.0288
			*CONTROL_ROT_SAMPLE 3200	0.0000	0.0000	1.0000	0.0724
		}
	}
*TM_ANIMATION {
		*NODE_NAME "Bip01 R Thigh"
		*CONTROL_POS_TRACK {
			*CONTROL_POS_SAMPLE 0		-193.7103	41.0084	-157.3593
			*CONTROL_POS_SAMPLE 800		-152.4054	88.4261	-157.3824
			*CONTROL_POS_SAMPLE 1600	-161.2154	45.1792	-154.6480
			*CONTROL_POS_SAMPLE 2400	-175.7994	44.6593	-154.2501
			*CONTROL_POS_SAMPLE 3200	-185.6131	66.1092	-155.3497
		}
		*CONTROL_ROT_TRACK {
			*CONTROL_ROT_SAMPLE 0		-0.6055	-0.7922	0.0768	2.9036
			*CONTROL_ROT_SAMPLE 800	-0.2947	-0.2294	0.9277	0.5519
			*CONTROL_ROT_SAMPLE 1600	0.0421	-0.0068	-0.9991	0.8135
			*CONTROL_ROT_SAMPLE 2400	0.0109	0.0220	-0.9997	0.8565
			*CONTROL_ROT_SAMPLE 3200	-0.0355	0.1463	0.9886	0.7138
		}
	}
*TM_ANIMATION {
		*NODE_NAME "Bip01 R Calf"
		*CONTROL_ROT_TRACK {
			*CONTROL_ROT_SAMPLE 0		0.0000	-0.0000	-1.0000	3.9364
			*CONTROL_ROT_SAMPLE 800	0.0000	0.0000	1.0000	4.5366
			*CONTROL_ROT_SAMPLE 1600	0.0000	-0.0000	1.0000	0.9100
			*CONTROL_ROT_SAMPLE 2400	-0.0000	0.0000	-1.0000	0.1906
			*CONTROL_ROT_SAMPLE 3200	0.0000	-0.0000	1.0000	0.6041
		}
	}
*TM_ANIMATION {
		*NODE_NAME "Bip01 R Foot"
		*CONTROL_ROT_TRACK {
			*CONTROL_ROT_SAMPLE 0		0.3631	0.0360	-0.9310	0.2146
			*CONTROL_ROT_SAMPLE 800	-0.4526	0.6115	0.6490	0.2899
			*CONTROL_ROT_SAMPLE 1600	0.1148	-0.3371	-0.9345	0.9350
			*CONTROL_ROT_SAMPLE 2400	0.2191	0.1062	0.9699	1.2778
			*CONTROL_ROT_SAMPLE 3200	0.0162	0.9707	0.2397	0.1177
		}
	}
*TM_ANIMATION {
		*NODE_NAME "Bip01 R Toe0"
		*CONTROL_ROT_TRACK {
			*CONTROL_ROT_SAMPLE 0		-0.0000	-0.0000	-1.0000	1.5708
			*CONTROL_ROT_SAMPLE 800	-0.0000	-0.0000	-1.0000	0.2330
			*CONTROL_ROT_SAMPLE 1600	-0.0619	0.2341	0.9702	0.0950
			*CONTROL_ROT_SAMPLE 2400	0.0278	-0.0747	-0.9968	0.2894
			*CONTROL_ROT_SAMPLE 3200	0.0000	0.0000	1.0000	0.2330
		}
	}
*TM_ANIMATION {
		*NODE_NAME "Bip01 Tail"
		*CONTROL_POS_TRACK {
			*CONTROL_POS_SAMPLE 0		-336.5844	-271.3504	-202.0183
			*CONTROL_POS_SAMPLE 800		-393.2000	-181.0325	-200.9847
			*CONTROL_POS_SAMPLE 1600	-354.2399	-234.7224	-217.5191
			*CONTROL_POS_SAMPLE 2400	-366.5159	-203.7875	-227.9078
			*CONTROL_POS_SAMPLE 3200	-382.9763	-180.4200	-220.1323
		}
		*CONTROL_ROT_TRACK {
			*CONTROL_ROT_SAMPLE 0		-0.2365	0.5373	-0.8095	3.5791
			*CONTROL_ROT_SAMPLE 800	0.4321	-0.4714	-0.7688	0.6748
			*CONTROL_ROT_SAMPLE 1600	-0.2244	0.8629	0.4528	0.5576
			*CONTROL_ROT_SAMPLE 2400	0.4446	-0.6449	0.6216	0.1402
			*CONTROL_ROT_SAMPLE 3200	-0.0206	-0.9935	-0.1116	0.2744
		}
	}
}
*ANINAME "STAND"
{
*SCENE {
	*SCENE_TRANSITION 1
	*SCENE_FIRSTFRAME 0
	*SCENE_LASTFRAME 40
	*SCENE_FRAMESPEED 30
	*SCENE_TICKSPERFRAME 160
	}
*MeshTM
{
*NODE_TM {
		*NODE_NAME "Rectangle04"
		*TM_ROW0 1.0000	0.0000	0.0000
		*TM_ROW1 0.0000	-0.0000	1.0000
		*TM_ROW2 0.0000	-1.0000	-0.0000
		*TM_ROW3 0.0000 0.0000 3160.6018
		*TM_POS 0.0000 0.0000 3160.6018
		*TM_ROTAXIS -1.0000	-0.0000	-0.0000
		*TM_ROTANGLE 1.5708
		*TM_SCALE 1.0000	1.0000	1.0000
		*TM_SCALEAXIS 0.0000	0.0000	0.0000
		*TM_SCALEAXISANG 0.0000
	}
*NODE_TM {
		*NODE_NAME "Object02"
		*INHERIT_POS 0 0 0
		*INHERIT_ROT 0 0 0
		*INHERIT_SCL 0 0 0
		*TM_ROW0 1.0000	0.0000	0.0000
		*TM_ROW1 0.0000	-0.0000	1.0000
		*TM_ROW2 0.0000	-1.0000	-0.0000
		*TM_ROW3 0.0000 0.0000 2641.0464
		*TM_POS 0.0000 0.0000 2641.0464
		*TM_ROTAXIS -1.0000	-0.0000	-0.0000
		*TM_ROTANGLE 1.5708
		*TM_SCALE 1.0000	1.0000	1.0000
		*TM_SCALEAXIS 0.0000	0.0000	0.0000
		*TM_SCALEAXISANG 0.0000
	}
*NODE_TM {
		*NODE_NAME "NGon04"
		*INHERIT_POS 0 0 0
		*INHERIT_ROT 0 0 0
		*INHERIT_SCL 0 0 0
		*TM_ROW0 -0.0172	0.9997	-0.0177
		*TM_ROW1 0.7509	0.0246	0.6599
		*TM_ROW2 -0.6601	0.0020	0.7511
		*TM_ROW3 -92.2125	391.5553	1415.2865
		*TM_POS -92.2125	391.5553	1415.2865
		*TM_ROTAXIS -0.6907	0.6744	-0.2611
		*TM_ROTANGLE 3.6380
		*TM_SCALE 1.0000	1.0000	1.0000
		*TM_SCALEAXIS -1.0000	0.0012	-0.0000
		*TM_SCALEAXISANG 0.0690
	}
*NODE_TM {
		*NODE_NAME "Object01"
		*INHERIT_POS 0 0 0
		*INHERIT_ROT 0 0 0
		*INHERIT_SCL 0 0 0
		*TM_ROW0 -0.9715	-0.0125	0.2368
		*TM_ROW1 0.2365	0.0213	0.9714
		*TM_ROW2 0.0172	-0.9997	0.0177
		*TM_ROW3 -836.2263	954.0673	1548.9189
		*TM_POS -836.2263	954.0673	1548.9189
		*TM_ROTAXIS 0.9861	-0.1099	-0.1246
		*TM_ROTANGLE 1.6046
		*TM_SCALE 1.0000	1.0000	1.0000
		*TM_SCALEAXIS -0.9987	0.0510	-0.0000
		*TM_SCALEAXISANG 0.0959
	}
}
*BipTM
{
*NODE_TM {
		*NODE_NAME "Bip01"
		*TM_ROW0 0.0000	-1.0000	0.0000
		*TM_ROW1 1.0000	0.0000	0.0000
		*TM_ROW2 0.0000	0.0000	1.0000
		*TM_ROW3 0.0000	70.9290	1606.9464
		*TM_POS 0.0000	70.9290	1606.9464
		*TM_ROTAXIS -0.0000	-0.0000	1.0000
		*TM_ROTANGLE 1.5708
		*TM_SCALE 1.0000	1.0000	1.0000
		*TM_SCALEAXIS 0.0000	0.0000	0.0000
		*TM_SCALEAXISANG 0.0000
	}
*NODE_TM {
		*NODE_NAME "Bip01 Footsteps"
		*TM_ROW0 1.0000	0.0000	0.0000
		*TM_ROW1 0.0000	1.0000	0.0000
		*TM_ROW2 0.0000	0.0000	1.0000
		*TM_ROW3 0.0000	70.9290	-1.6958
		*TM_POS 0.0000	70.9290	-1.6958
		*TM_ROTAXIS 0.0000	0.0000	0.0000
		*TM_ROTANGLE 0.0000
		*TM_SCALE 1.0000	1.0000	1.0000
		*TM_SCALEAXIS 0.0000	0.0000	0.0000
		*TM_SCALEAXISANG 0.0000
	}
*NODE_TM {
		*NODE_NAME "Bip01 Pelvis"
		*TM_ROW0 -0.0000	-0.0000	1.0000
		*TM_ROW1 0.0000	-1.0000	0.0000
		*TM_ROW2 1.0000	0.0000	0.0000
		*TM_ROW3 0.0000	70.9290	1606.9464
		*TM_POS 0.0000	70.9290	1606.9464
		*TM_ROTAXIS -0.7071	-0.0000	-0.7071
		*TM_ROTANGLE 3.1416
		*TM_SCALE 1.0000	1.0000	1.0000
		*TM_SCALEAXIS 0.0000	0.0000	0.0000
		*TM_SCALEAXISANG 0.0000
	}
*NODE_TM {
		*NODE_NAME "Bip01 Spine"
		*TM_ROW0 -0.0330	-0.1271	0.9913
		*TM_ROW1 -0.2492	-0.9595	-0.1313
		*TM_ROW2 0.9679	-0.2514	-0.0000
		*TM_ROW3 0.0359	104.9513	1787.1094
		*TM_POS 0.0359	104.9513	1787.1094
		*TM_ROTAXIS -0.6946	0.1357	-0.7064
		*TM_ROTANGLE 3.0550
		*TM_SCALE 1.0000	1.0000	1.0000
		*TM_SCALEAXIS 0.6811	0.2313	-0.6947
		*TM_SCALEAXISANG 0.0445
	}
*NODE_TM {
		*NODE_NAME "Bip01 Spine1"
		*TM_ROW0 -0.0326	-0.0809	0.9962
		*TM_ROW1 -0.4855	-0.8699	-0.0865
		*TM_ROW2 0.8736	-0.4865	-0.0110
		*TM_ROW3 -5.8631	82.0988	1966.3445
		*TM_POS -5.8631	82.0988	1966.3445
		*TM_ROTAXIS -0.6872	0.2106	-0.6952
		*TM_ROTANGLE 2.8464
		*TM_SCALE 1.0000	1.0000	1.0000
		*TM_SCALEAXIS 0.9318	-0.0013	0.3630
		*TM_SCALEAXISANG 0.3737
	}
*NODE_TM {
		*NODE_NAME "Bip01 Spine2"
		*TM_ROW0 -0.1431	-0.2125	0.9666
		*TM_ROW1 -0.6232	-0.7394	-0.2548
		*TM_ROW2 0.7689	-0.6388	-0.0266
		*TM_ROW3 -11.5308	67.7265	2146.5327
		*TM_POS -11.5308	67.7265	2146.5327
		*TM_ROTAXIS -0.6443	0.3318	-0.6890
		*TM_ROTANGLE 2.8390
		*TM_SCALE 1.0000	1.0000	1.0000
		*TM_SCALEAXIS -0.7750	-0.1631	0.6106
		*TM_SCALEAXISANG 0.1256
	}
*NODE_TM {
		*NODE_NAME "Bip01 Neck"
		*TM_ROW0 -0.3476	-0.4526	0.8212
		*TM_ROW1 -0.5367	-0.6222	-0.5700
		*TM_ROW2 0.7689	-0.6388	-0.0266
		*TM_ROW3 -74.6564	-26.0393	2573.4197
		*TM_POS -74.6564	-26.0393	2573.4197
		*TM_ROTAXIS -0.5706	0.4338	-0.6973
		*TM_ROTANGLE 3.0812
		*TM_SCALE 1.0000	1.0000	1.0000
		*TM_SCALEAXIS -0.2344	0.2815	-0.9305
		*TM_SCALEAXISANG 0.8118
	}
*NODE_TM {
		*NODE_NAME "Bip01 Head"
		*TM_ROW0 0.0000	-0.1736	0.9848
		*TM_ROW1 -0.0000	-0.9848	-0.1736
		*TM_ROW2 1.0000	-0.0000	-0.0000
		*TM_ROW3 -115.4862	-79.2006	2669.8845
		*TM_POS -115.4862	-79.2006	2669.8845
		*TM_ROTAXIS -0.7058	0.0617	-0.7058
		*TM_ROTANGLE 3.2649
		*TM_SCALE 1.0000	1.0000	1.0000
		*TM_SCALEAXIS -0.0000	0.0000	1.0000
		*TM_SCALEAXISANG 0.1988
	}
*NODE_TM {
		*NODE_NAME "Bip01 Ponytail1"
		*TM_ROW0 0.4641	0.0645	-0.8834
		*TM_ROW1 -0.3212	0.9417	-0.1000
		*TM_ROW2 0.8255	0.3302	0.4578
		*TM_ROW3 -53.1992	-372.4476	3103.7485
		*TM_POS -53.1992	-372.4476	3103.7485
		*TM_ROTAXIS 0.2385	-0.9473	-0.2138
		*TM_ROTANGLE 1.1243
		*TM_SCALE 1.0000	1.0000	1.0000
		*TM_SCALEAXIS 0.3195	-0.0000	-0.9476
		*TM_SCALEAXISANG 0.1394
	}
*NODE_TM {
		*NODE_NAME "Bip01 Ponytail2"
		*TM_ROW0 -0.4294	0.1590	-0.8890
		*TM_ROW1 0.3663	0.9304	-0.0105
		*TM_ROW2 0.8255	-0.3302	-0.4578
		*TM_ROW3 -185.3581	-370.2695	3101.6482
		*TM_POS -185.3581	-370.2695	3101.6482
		*TM_ROTAXIS -0.1820	-0.9762	0.1180
		*TM_ROTANGLE 2.0696
		*TM_SCALE 1.0000	1.0000	1.0000
		*TM_SCALEAXIS -0.5407	0.8412	-0.0000
		*TM_SCALEAXISANG 0.4459
	}
*NODE_TM {
		*NODE_NAME "Bip01 L Clavicle"
		*TM_ROW0 0.8326	-0.5265	-0.1722
		*TM_ROW1 0.5539	0.7925	0.2554
		*TM_ROW2 0.0020	-0.3080	0.9514
		*TM_ROW3 -9.3278	-18.0949	2389.6323
		*TM_POS -9.3278	-18.0949	2389.6323
		*TM_ROTAXIS -0.4577	-0.1416	0.8778
		*TM_ROTANGLE 0.6629
		*TM_SCALE 1.0000	1.0000	1.0000
		*TM_SCALEAXIS -0.0000	0.9998	-0.0197
		*TM_SCALEAXISANG 0.3074
	}
*NODE_TM {
		*NODE_NAME "Bip01 L UpperArm"
		*TM_ROW0 0.6212	-0.5539	-0.5543
		*TM_ROW1 0.7789	0.5141	0.3593
		*TM_ROW2 0.0860	-0.6550	0.7508
		*TM_ROW3 182.6788	-139.5070	2349.9182
		*TM_POS 182.6788	-139.5070	2349.9182
		*TM_ROTAXIS -0.5656	-0.3571	0.7433
		*TM_ROTANGLE 1.1118
		*TM_SCALE 1.0000	1.0000	1.0000
		*TM_SCALEAXIS 0.1823	0.0841	-0.9796
		*TM_SCALEAXISANG 0.7983
	}
*NODE_TM {
		*NODE_NAME "Bip01 L Forearm"
		*TM_ROW0 -0.5999	-0.6357	-0.4858
		*TM_ROW1 0.7954	-0.4086	-0.4476
		*TM_ROW2 0.0860	-0.6550	0.7508
		*TM_ROW3 454.5828	-381.9320	2107.2966
		*TM_POS 454.5828	-381.9320	2107.2966
		*TM_ROTAXIS 0.1334	0.3677	-0.9203
		*TM_ROTANGLE 4.0323
		*TM_SCALE 1.0000	1.0000	1.0000
		*TM_SCALEAXIS -0.5961	-0.1398	-0.7907
		*TM_SCALEAXISANG 0.3791
	}
*NODE_TM {
		*NODE_NAME "Bip01 L Hand"
		*TM_ROW0 -0.6092	-0.7866	-0.1009
		*TM_ROW1 -0.1113	0.2107	-0.9712
		*TM_ROW2 0.7852	-0.5804	-0.2159
		*TM_ROW3 179.1305	-673.7927	1884.2266
		*TM_POS 179.1305	-673.7927	1884.2266
		*TM_ROTAXIS 0.3310	-0.7505	0.5720
		*TM_ROTANGLE 2.5102
		*TM_SCALE 1.0000	1.0000	1.0000
		*TM_SCALEAXIS 0.0910	-0.0260	-0.9955
		*TM_SCALEAXISANG 0.7841
	}
*NODE_TM {
		*NODE_NAME "Bip01 L Finger0"
		*TM_ROW0 -0.6032	-0.3342	-0.7242
		*TM_ROW1 0.6046	-0.7838	-0.1419
		*TM_ROW2 -0.5202	-0.5235	0.6748
		*TM_ROW3 -29.5563	-694.2814	1858.9143
		*TM_POS -29.5563	-694.2814	1858.9143
		*TM_ROTAXIS 0.3691	0.1974	-0.9082
		*TM_ROTANGLE 3.6848
		*TM_SCALE 1.0000	1.0000	1.0000
		*TM_SCALEAXIS 0.9195	0.3932	-0.0000
		*TM_SCALEAXISANG 0.4023
	}
*NODE_TM {
		*NODE_NAME "Bip01 L Finger01"
		*TM_ROW0 -0.3585	-0.5833	-0.7289
		*TM_ROW1 0.7751	-0.6211	0.1157
		*TM_ROW2 -0.5202	-0.5235	0.6748
		*TM_ROW3 -82.5329	-723.6324	1795.3021
		*TM_POS -82.5329	-723.6324	1795.3021
		*TM_ROTAXIS 0.4217	0.1377	-0.8962
		*TM_ROTANGLE 4.0016
		*TM_SCALE 1.0000	1.0000	1.0000
		*TM_SCALEAXIS 0.6889	0.7249	0.0000
		*TM_SCALEAXISANG 0.4793
	}
*NODE_TM {
		*NODE_NAME "Bip01 L Finger1"
		*TM_ROW0 -0.6414	-0.7212	-0.2617
		*TM_ROW1 -0.0044	0.3446	-0.9388
		*TM_ROW2 0.7672	-0.6009	-0.2242
		*TM_ROW3 -26.8579	-816.7928	1876.8416
		*TM_POS -26.8579	-816.7928	1876.8416
		*TM_ROTAXIS 0.2601	-0.7923	0.5519
		*TM_ROTANGLE 2.4349
		*TM_SCALE 1.0000	1.0000	1.0000
		*TM_SCALEAXIS 0.0192	0.7392	-0.6732
		*TM_SCALEAXISANG 0.1419
	}
*NODE_TM {
		*NODE_NAME "Bip01 L Finger11"
		*TM_ROW0 -0.6207	-0.6075	-0.4958
		*TM_ROW1 0.1618	0.5195	-0.8390
		*TM_ROW2 0.7672	-0.6009	-0.2242
		*TM_ROW3 -123.3737	-925.3213	1837.4595
		*TM_POS -123.3737	-925.3213	1837.4595
		*TM_ROTAXIS 0.1590	-0.8432	0.5136
		*TM_ROTANGLE 2.2952
		*TM_SCALE 1.0000	1.0000	1.0000
		*TM_SCALEAXIS 0.5726	-0.0253	-0.8194
		*TM_SCALEAXISANG 0.2086
	}
*NODE_TM {
		*NODE_NAME "Bip01 L Finger2"
		*TM_ROW0 -0.6388	-0.4597	-0.6169
		*TM_ROW1 0.1543	0.7090	-0.6881
		*TM_ROW2 0.7537	-0.5348	-0.3820
		*TM_ROW3 67.7475	-878.5861	1839.9875
		*TM_POS 67.7475	-878.5861	1839.9875
		*TM_ROTAXIS 0.1016	-0.9079	0.4067
		*TM_ROTANGLE 2.2862
		*TM_SCALE 1.0000	1.0000	1.0000
		*TM_SCALEAXIS 0.2158	0.3476	-0.9125
		*TM_SCALEAXISANG 0.5272
	}
*NODE_TM {
		*NODE_NAME "Bip01 L Finger21"
		*TM_ROW0 -0.6023	-0.3296	-0.7270
		*TM_ROW1 0.2629	0.7781	-0.5705
		*TM_ROW2 0.7537	-0.5348	-0.3820
		*TM_ROW3 -27.3505	-947.0223	1748.1487
		*TM_POS -27.3505	-947.0223	1748.1487
		*TM_ROTAXIS 0.0224	-0.9282	0.3714
		*TM_ROTANGLE 2.2182
		*TM_SCALE 1.0000	1.0000	1.0000
		*TM_SCALEAXIS 0.3858	0.5421	-0.7466
		*TM_SCALEAXISANG 0.4650
	}
*NODE_TM {
		*NODE_NAME "Bip01 R Clavicle"
		*TM_ROW0 -0.6761	0.7270	-0.1200
		*TM_ROW1 0.6879	0.6811	0.2507
		*TM_ROW2 0.2640	0.0870	-0.9606
		*TM_ROW3 -86.2893	45.8498	2392.2971
