*ANINAME "STAND"
{
*SCENE {
	*SCENE_TRANSITION 1
	*SCENE_FIRSTFRAME 0
	*SCENE_LASTFRAME 30
	*SCENE_FRAMESPEED 30
	*SCENE_TICKSPERFRAME 160
}
*MeshTM
{
*NODE_TM {
		*NODE_NAME "Box01"
		*INHERIT_POS 0 0 0
		*INHERIT_ROT 0 0 0
		*INHERIT_SCL 0 0 0
		*TM_ROW0 0.3391	0.0082	0.0000
		*TM_ROW1 -0.0082	0.3391	0.0000
		*TM_ROW2 0.0000	0.0000	0.3392
		*TM_ROW3 1.5415	-10.2320	68.5386
		*TM_POS 1.5415	-10.2320	68.5386
		*TM_ROTAXIS -0.0000	-0.0000	-1.0000
		*TM_ROTANGLE 0.0243
		*TM_SCALE 0.3392	0.3392	0.3392
		*TM_SCALEAXIS 0.0000	0.0000	0.0000
		*TM_SCALEAXISANG 0.0000
	}
*NODE_TM {
		*NODE_NAME "Object01"
		*INHERIT_POS 0 0 0
		*INHERIT_ROT 0 0 0
		*INHERIT_SCL 0 0 0
		*TM_ROW0 0.3391	0.0082	0.0000
		*TM_ROW1 -0.0082	0.3391	0.0000
		*TM_ROW2 0.0000	0.0000	0.3392
		*TM_ROW3 0.0000	-10.2320	68.5386
		*TM_POS 0.0000	-10.2320	68.5386
		*TM_ROTAXIS -0.0000	-0.0000	-1.0000
		*TM_ROTANGLE 0.0243
		*TM_SCALE 0.3392	0.3392	0.3392
		*TM_SCALEAXIS 0.0000	0.0000	0.0000
		*TM_SCALEAXISANG 0.0000
	}
}
*BipTM
{
*NODE_TM {
		*NODE_NAME "Bip01 Bone01"
		*INHERIT_POS 0 0 0
		*INHERIT_ROT 0 0 0
		*INHERIT_SCL 0 0 0
		*TM_ROW0 -0.2476	0.4975	-0.8314
		*TM_ROW1 -0.0834	-0.8658	-0.4933
		*TM_ROW2 -0.9653	-0.0528	0.2559
		*TM_ROW3 -8.5822	-6.4347	135.3780
		*TM_POS -8.5822	-6.4347	135.3780
		*TM_ROTAXIS 0.5943	0.1806	-0.7837
		*TM_ROTANGLE 2.7619
		*TM_SCALE 1.0000	1.0000	1.0000
		*TM_SCALEAXIS -0.2714	-0.1751	-0.9464
		*TM_SCALEAXISANG 0.4731
	}
*NODE_TM {
		*NODE_NAME "Bip01 Bone02"
		*INHERIT_POS 0 0 0
		*INHERIT_ROT 0 0 0
		*INHERIT_SCL 0 0 0
		*TM_ROW0 -0.1997	0.4639	-0.8631
		*TM_ROW1 -0.0767	-0.8855	-0.4583
		*TM_ROW2 -0.9769	-0.0253	0.2124
		*TM_ROW3 -10.0751	-3.4345	130.3646
		*TM_POS -10.0751	-3.4345	130.3646
		*TM_ROTAXIS 0.6168	0.1621	-0.7702
		*TM_ROTANGLE 2.7830
		*TM_SCALE 1.0000	1.0000	1.0000
		*TM_SCALEAXIS -0.2530	-0.0000	-0.9675
		*TM_SCALEAXISANG 0.5442
	}
*NODE_TM {
		*NODE_NAME "Bip01 Bone03"
		*INHERIT_POS 0 0 0
		*INHERIT_ROT 0 0 0
		*INHERIT_SCL 0 0 0
		*TM_ROW0 -0.2611	0.4582	-0.8497
		*TM_ROW1 -0.0667	-0.8866	-0.4576
		*TM_ROW2 -0.9630	-0.0628	0.2621
		*TM_ROW3 -11.8485	0.6858	122.7003
		*TM_POS -11.8485	0.6858	122.7003
		*TM_ROTAXIS 0.5924	0.1701	-0.7875
		*TM_ROTANGLE 2.8019
		*TM_SCALE 1.0000	1.0000	1.0000
		*TM_SCALEAXIS -0.3807	0.2620	-0.8868
		*TM_SCALEAXISANG 0.4309
	}
*NODE_TM {
		*NODE_NAME "Bip01 Bone04"
		*INHERIT_POS 0 0 0
		*INHERIT_ROT 0 0 0
		*INHERIT_SCL 0 0 0
		*TM_ROW0 -0.2411	0.3915	-0.8880
		*TM_ROW1 -0.0533	-0.9190	-0.3907
		*TM_ROW2 -0.9690	-0.0469	0.2425
		*TM_ROW3 -14.8276	5.9132	113.0063
		*TM_POS -14.8276	5.9132	113.0063
		*TM_ROTAXIS 0.6053	0.1426	-0.7831
		*TM_ROTANGLE 2.8536
		*TM_SCALE 1.0000	1.0000	1.0000
		*TM_SCALEAXIS 0.0946	0.1669	0.9814
		*TM_SCALEAXISANG 0.7929
	}
*NODE_TM {
		*NODE_NAME "Bip01 Bone05"
		*INHERIT_POS 0 0 0
		*INHERIT_ROT 0 0 0
		*INHERIT_SCL 0 0 0
		*TM_ROW0 -0.2568	0.4335	-0.8638
		*TM_ROW1 -0.0477	-0.8983	-0.4367
		*TM_ROW2 -0.9653	-0.0710	0.2514
		*TM_ROW3 -17.7969	10.7342	102.0711
		*TM_POS -17.7969	10.7342	102.0711
		*TM_ROTAXIS 0.5967	0.1657	-0.7851
		*TM_ROTANGLE 2.8301
		*TM_SCALE 1.0000	1.0000	1.0000
		*TM_SCALEAXIS 0.0007	-0.1510	0.9885
		*TM_SCALEAXISANG 0.7870
	}
*NODE_TM {
		*NODE_NAME "Bip01 Bone06"
		*INHERIT_POS 0 0 0
		*INHERIT_ROT 0 0 0
		*INHERIT_SCL 0 0 0
		*TM_ROW0 -0.2824	0.3445	-0.8953
		*TM_ROW1 -0.0219	-0.9354	-0.3530
		*TM_ROW2 -0.9590	-0.0801	0.2717
		*TM_ROW3 -21.0060	16.1519	91.2774
		*TM_POS -21.0060	16.1519	91.2774
		*TM_ROTAXIS 0.5916	0.1382	-0.7943
		*TM_ROTANGLE 2.9088
		*TM_SCALE 1.0000	1.0000	1.0000
		*TM_SCALEAXIS -0.2299	-0.0000	-0.9732
		*TM_SCALEAXISANG 0.7828
	}
*NODE_TM {
		*NODE_NAME "Bip01 Bone07"
		*INHERIT_POS 0 0 0
		*INHERIT_ROT 0 0 0
		*INHERIT_SCL 0 0 0
		*TM_ROW0 -0.2832	0.2988	-0.9113
		*TM_ROW1 -0.0082	-0.9509	-0.3092
		*TM_ROW2 -0.9590	-0.0801	0.2717
		*TM_ROW3 -25.4698	21.5972	77.1276
		*TM_POS -25.4698	21.5972	77.1276
		*TM_ROTAXIS 0.5936	0.1236	-0.7952
		*TM_ROTANGLE 2.9474
		*TM_SCALE 1.0000	1.0000	1.0000
		*TM_SCALEAXIS -0.9599	0.2802	-0.0000
		*TM_SCALEAXISANG 0.1011
	}
*NODE_TM {
		*NODE_NAME "Bip01 Bone08"
		*INHERIT_POS 0 0 0
		*INHERIT_ROT 0 0 0
		*INHERIT_SCL 0 0 0
		*TM_ROW0 -0.2826	0.2063	-0.9368
		*TM_ROW1 0.0190	-0.9752	-0.2205
		*TM_ROW2 -0.9590	-0.0801	0.2717
		*TM_ROW3 -28.7535	25.0622	66.5592
		*TM_POS -28.7535	25.0622	66.5592
		*TM_ROTAXIS 0.5970	0.0947	-0.7966
		*TM_ROTANGLE 3.0237
		*TM_SCALE 1.0000	1.0000	1.0000
		*TM_SCALEAXIS 0.4639	-0.0000	0.8859
		*TM_SCALEAXISANG 0.4205
	}
*NODE_TM {
		*NODE_NAME "Bip01 Bone09"
		*INHERIT_POS 0 0 0
		*INHERIT_ROT 0 0 0
		*INHERIT_SCL 0 0 0
		*TM_ROW0 0.3246	0.1769	-0.9292
		*TM_ROW1 -0.1507	-0.9601	-0.2354
		*TM_ROW2 0.9338	-0.2164	0.2850
		*TM_ROW3 3.5215	-7.5400	135.9248
		*TM_POS 3.5215	-7.5400	135.9248
		*TM_ROTAXIS -0.0100	0.9848	0.1732
		*TM_ROTANGLE 1.9016
		*TM_SCALE 1.0000	1.0000	1.0000
		*TM_SCALEAXIS -0.2174	-0.9403	-0.2620
		*TM_SCALEAXISANG 0.3537
	}
*NODE_TM {
		*NODE_NAME "Bip01 Bone10"
		*INHERIT_POS 0 0 0
		*INHERIT_ROT 0 0 0
		*INHERIT_SCL 0 0 0
		*TM_ROW0 0.3930	0.2606	-0.8819
		*TM_ROW1 -0.1452	-0.9294	-0.3394
		*TM_ROW2 0.9080	-0.2614	0.3274
		*TM_ROW3 5.4791	-6.4736	130.3217
		*TM_POS 5.4791	-6.4736	130.3217
		*TM_ROTAXIS -0.0425	0.9744	0.2209
		*TM_ROTANGLE 1.9774
		*TM_SCALE 1.0000	1.0000	1.0000
		*TM_SCALEAXIS -0.0281	-0.8831	-0.4683
		*TM_SCALEAXISANG 0.4667
	}
*NODE_TM {
		*NODE_NAME "Bip01 Bone11"
		*INHERIT_POS 0 0 0
		*INHERIT_ROT 0 0 0
		*INHERIT_SCL 0 0 0
		*TM_ROW0 0.3644	0.3369	-0.8682
		*TM_ROW1 -0.1357	-0.9031	-0.4074
		*TM_ROW2 0.9213	-0.2663	0.2834
		*TM_ROW3 8.9687	-4.1588	122.4905
		*TM_POS 8.9687	-4.1588	122.4905
		*TM_ROTAXIS -0.0760	0.9641	0.2546
		*TM_ROTANGLE 1.9524
		*TM_SCALE 1.0000	1.0000	1.0000
		*TM_SCALEAXIS 0.5350	-0.4254	-0.7300
		*TM_SCALEAXISANG 0.3979
	}
*NODE_TM {
		*NODE_NAME "Bip01 Bone12"
		*INHERIT_POS 0 0 0
		*INHERIT_ROT 0 0 0
		*INHERIT_SCL 0 0 0
		*TM_ROW0 0.2864	0.1793	-0.9412
		*TM_ROW1 -0.1984	-0.9500	-0.2413
		*TM_ROW2 0.9374	-0.2558	0.2365
		*TM_ROW3 13.1269	-0.3154	112.5853
		*TM_POS 13.1269	-0.3154	112.5853
		*TM_ROTAXIS 0.0076	0.9804	0.1971
		*TM_ROTANGLE 1.8613
		*TM_SCALE 1.0000	1.0000	1.0000
		*TM_SCALEAXIS -0.3982	0.8024	-0.4445
		*TM_SCALEAXISANG 0.1580
	}
*NODE_TM {
		*NODE_NAME "Bip01 Bone13"
		*INHERIT_POS 0 0 0
		*INHERIT_ROT 0 0 0
		*INHERIT_SCL 0 0 0
		*TM_ROW0 0.3278	0.1253	-0.9364
		*TM_ROW1 -0.2230	-0.9529	-0.2055
		*TM_ROW2 0.9181	-0.2762	0.2844
		*TM_ROW3 16.6535	1.8925	100.9954
		*TM_POS 16.6535	1.8925	100.9954
		*TM_ROTAXIS 0.0374	0.9821	0.1844
		*TM_ROTANGLE 1.9067
		*TM_SCALE 1.0000	1.0000	1.0000
		*TM_SCALEAXIS -0.8385	-0.4290	-0.3360
		*TM_SCALEAXISANG 0.2567
	}
*NODE_TM {
		*NODE_NAME "Bip01 Bone14"
		*INHERIT_POS 0 0 0
		*INHERIT_ROT 0 0 0
		*INHERIT_SCL 0 0 0
		*TM_ROW0 0.3034	0.0986	-0.9478
		*TM_ROW1 -0.2412	-0.9543	-0.1764
		*TM_ROW2 0.9218	-0.2821	0.2657
		*TM_ROW3 20.7496	3.4581	89.2939
		*TM_POS 20.7496	3.4581	89.2939
		*TM_ROTAXIS 0.0555	0.9824	0.1785
		*TM_ROTANGLE 1.8833
		*TM_SCALE 1.0000	1.0000	1.0000
		*TM_SCALEAXIS -0.9987	-0.0035	-0.0513
		*TM_SCALEAXISANG 0.7853
	}
*NODE_TM {
		*NODE_NAME "Bip01 Bone15"
		*INHERIT_POS 0 0 0
		*INHERIT_ROT 0 0 0
		*INHERIT_SCL 0 0 0
		*TM_ROW0 0.3006	0.0875	-0.9497
		*TM_ROW1 -0.2447	-0.9554	-0.1655
		*TM_ROW2 0.9218	-0.2821	0.2657
		*TM_ROW3 25.5443	5.0158	74.3147
		*TM_POS 25.5443	5.0158	74.3147
		*TM_ROTAXIS 0.0612	0.9828	0.1744
		*TM_ROTANGLE 1.8812
		*TM_SCALE 1.0000	1.0000	1.0000
		*TM_SCALEAXIS 0.7826	-0.2289	-0.5790
		*TM_SCALEAXISANG 0.1899
	}
*NODE_TM {
		*NODE_NAME "Bip01 Bone16"
		*INHERIT_POS 0 0 0
		*INHERIT_ROT 0 0 0
		*INHERIT_SCL 0 0 0
		*TM_ROW0 0.2757	-0.0044	-0.9612
		*TM_ROW1 -0.2723	-0.9594	-0.0737
		*TM_ROW2 0.9218	-0.2821	0.2657
		*TM_ROW3 29.0297	6.0308	63.3010
		*TM_POS 29.0297	6.0308	63.3010
		*TM_ROTAXIS 0.1089	0.9841	0.1400
		*TM_ROTANGLE 1.8661
		*TM_SCALE 1.0000	1.0000	1.0000
		*TM_SCALEAXIS 0.0000	-0.6168	0.7871
		*TM_SCALEAXISANG 0.0868
	}
*NODE_TM {
		*NODE_NAME "Bip01 Bone17"
		*INHERIT_POS 0 0 0
		*INHERIT_ROT 0 0 0
		*INHERIT_SCL 0 0 0
		*TM_ROW0 0.2997	0.4955	-0.8153
		*TM_ROW1 -0.4868	-0.6555	-0.5774
		*TM_ROW2 -0.8205	0.5699	0.0447
		*TM_ROW3 2.4581	2.6574	91.0144
		*TM_POS 2.4581	2.6574	91.0144
		*TM_ROTAXIS -0.7596	-0.0035	0.6504
		*TM_ROTANGLE 3.9975
		*TM_SCALE 1.0000	1.0000	1.0000
		*TM_SCALEAXIS 0.9084	0.1041	-0.4049
		*TM_SCALEAXISANG 0.7543
	}
*NODE_TM {
		*NODE_NAME "Bip01 Bone18"
		*INHERIT_POS 0 0 0
		*INHERIT_ROT 0 0 0
		*INHERIT_SCL 0 0 0
		*TM_ROW0 0.2683	0.4530	-0.8502
		*TM_ROW1 -0.5048	-0.6856	-0.5246
		*TM_ROW2 -0.8205	0.5699	0.0447
		*TM_ROW3 6.2194	8.8756	80.7830
		*TM_POS 6.2194	8.8756	80.7830
		*TM_ROTAXIS -0.7524	0.0204	0.6584
		*TM_ROTANGLE 3.9561
		*TM_SCALE 1.0000	1.0000	1.0000
		*TM_SCALEAXIS 0.3325	0.0000	-0.9431
		*TM_SCALEAXISANG 0.7840
	}
*NODE_TM {
		*NODE_NAME "Bip01 Bone19"
		*INHERIT_POS 0 0 0
		*INHERIT_ROT 0 0 0
		*INHERIT_SCL 0 0 0
		*TM_ROW0 0.2683	0.4530	-0.8502
		*TM_ROW1 -0.5048	-0.6856	-0.5246
		*TM_ROW2 -0.8205	0.5699	0.0447
		*TM_ROW3 8.8685	13.3484	72.3887
		*TM_POS 8.8685	13.3484	72.3887
		*TM_ROTAXIS -0.7524	0.0204	0.6584
		*TM_ROTANGLE 3.9561
		*TM_SCALE 1.0000	1.0000	1.0000
		*TM_SCALEAXIS 0.0311	0.1050	0.9940
		*TM_SCALEAXISANG 0.7883
	}
*NODE_TM {
		*NODE_NAME "Bip01 Bone20"
		*INHERIT_POS 0 0 0
		*INHERIT_ROT 0 0 0
		*INHERIT_SCL 0 0 0
		*TM_ROW0 -0.1334	0.7805	-0.6108
		*TM_ROW1 0.2043	-0.5814	-0.7875
		*TM_ROW2 -0.9698	-0.2299	-0.0819
		*TM_ROW3 -4.1070	5.9283	92.4714
		*TM_POS -4.1070	5.9283	92.4714
		*TM_ROTAXIS 0.6348	0.4086	-0.6558
		*TM_ROTANGLE 2.6868
		*TM_SCALE 1.0000	1.0000	1.0000
		*TM_SCALEAXIS 0.2288	0.4872	0.8428
		*TM_SCALEAXISANG 0.6709
	}
*NODE_TM {
		*NODE_NAME "Bip01 Bone21"
		*INHERIT_POS 0 0 0
		*INHERIT_ROT 0 0 0
		*INHERIT_SCL 0 0 0
		*TM_ROW0 -0.1202	0.7421	-0.6594
		*TM_ROW1 0.2124	-0.6296	-0.7473
		*TM_ROW2 -0.9698	-0.2299	-0.0819
		*TM_ROW3 -5.7809	15.7228	84.8060
		*TM_POS -5.7809	15.7228	84.8060
		*TM_ROTAXIS 0.6445	0.3865	-0.6598
		*TM_ROTANGLE 2.7285
		*TM_SCALE 1.0000	1.0000	1.0000
		*TM_SCALEAXIS -0.2148	0.0000	-0.9767
		*TM_SCALEAXISANG 0.7938
	}
*NODE_TM {
		*NODE_NAME "Bip01 Bone22"
		*INHERIT_POS 0 0 0
		*INHERIT_ROT 0 0 0
		*INHERIT_SCL 0 0 0
		*TM_ROW0 -0.1202	0.7421	-0.6594
		*TM_ROW1 0.2124	-0.6296	-0.7473
		*TM_ROW2 -0.9698	-0.2299	-0.0819
		*TM_ROW3 -6.9675	23.0500	78.2951
		*TM_POS -6.9675	23.0500	78.2951
		*TM_ROTAXIS 0.6445	0.3865	-0.6598
		*TM_ROTANGLE 2.7285
		*TM_SCALE 1.0000	1.0000	1.0000
		*TM_SCALEAXIS -0.2888	-0.1003	0.9521
		*TM_SCALEAXISANG 0.5256
	}
*NODE_TM {
		*NODE_NAME "Bip01 Bone23"
		*INHERIT_POS 0 0 0
		*INHERIT_ROT 0 0 0
		*INHERIT_SCL 0 0 0
		*TM_ROW0 -0.4936	0.4372	-0.7518
		*TM_ROW1 0.6418	-0.4002	-0.6542
		*TM_ROW2 -0.5868	-0.8054	-0.0831
		*TM_ROW3 -9.2552	3.9690	91.5164
		*TM_POS -9.2552	3.9690	91.5164
		*TM_ROTAXIS 0.4988	0.5439	-0.6748
		*TM_ROTANGLE 3.2938
		*TM_SCALE 1.0000	1.0000	1.0000
		*TM_SCALEAXIS -0.2243	-0.8329	-0.5059
		*TM_SCALEAXISANG 0.2910
	}
*NODE_TM {
		*NODE_NAME "Bip01 Bone24"
		*INHERIT_POS 0 0 0
		*INHERIT_ROT 0 0 0
		*INHERIT_SCL 0 0 0
		*TM_ROW0 -0.4520	0.4110	-0.7917
		*TM_ROW1 0.6718	-0.4270	-0.6053
		*TM_ROW2 -0.5868	-0.8054	-0.0831
		*TM_ROW3 -15.4501	9.4560	82.0820
		*TM_POS -15.4501	9.4560	82.0820
		*TM_ROTAXIS 0.5168	0.5288	-0.6733
		*TM_ROTANGLE 3.3365
		*TM_SCALE 1.0000	1.0000	1.0000
		*TM_SCALEAXIS 0.9327	0.3605	0.0000
		*TM_SCALEAXISANG 0.2686
	}
*NODE_TM {
		*NODE_NAME "Bip01 Bone25"
		*INHERIT_POS 0 0 0
		*INHERIT_ROT 0 0 0
		*INHERIT_SCL 0 0 0
		*TM_ROW0 -0.4520	0.4110	-0.7917
		*TM_ROW1 0.6718	-0.4270	-0.6053
		*TM_ROW2 -0.5868	-0.8054	-0.0831
		*TM_ROW3 -19.9133	13.5144	74.2654
		*TM_POS -19.9133	13.5144	74.2654
		*TM_ROTAXIS 0.5168	0.5288	-0.6733
		*TM_ROTANGLE 3.3365
		*TM_SCALE 1.0000	1.0000	1.0000
		*TM_SCALEAXIS 0.9947	0.1033	0.0000
		*TM_SCALEAXISANG 0.1063
	}
*NODE_TM {
		*NODE_NAME "Bip01 Bone26"
		*INHERIT_POS 0 0 0
		*INHERIT_ROT 0 0 0
		*INHERIT_SCL 0 0 0
		*TM_ROW0 0.5810	-0.3661	-0.7269
		*TM_ROW1 -0.5758	0.4463	-0.6850
		*TM_ROW2 -0.5752	-0.8166	-0.0485
		*TM_ROW3 6.4639	-6.9496	90.6593
		*TM_POS 6.4639	-6.9496	90.6593
		*TM_ROTAXIS -0.4531	-0.5225	-0.7223
		*TM_ROTANGLE 3.2873
		*TM_SCALE 1.0000	1.0000	1.0000
		*TM_SCALEAXIS 0.0164	0.7441	0.6678
		*TM_SCALEAXISANG 0.7150
	}
*NODE_TM {
		*NODE_NAME "Bip01 Bone27"
		*INHERIT_POS 0 0 0
		*INHERIT_ROT 0 0 0
		*INHERIT_SCL 0 0 0
		*TM_ROW0 0.4880	-0.2950	-0.8215
		*TM_ROW1 -0.6565	0.4961	-0.5682
		*TM_ROW2 -0.5752	-0.8166	-0.0485
		*TM_ROW3 13.7554	-11.5440	81.5368
		*TM_POS 13.7554	-11.5440	81.5368
		*TM_ROTAXIS -0.4938	-0.4896	-0.7187
		*TM_ROTANGLE 3.3958
		*TM_SCALE 1.0000	1.0000	1.0000
		*TM_SCALEAXIS 0.2086	-0.0833	-0.9744
		*TM_SCALEAXISANG 0.7881
	}
*NODE_TM {
		*NODE_NAME "Bip01 Bone28"
		*INHERIT_POS 0 0 0
		*INHERIT_ROT 0 0 0
		*INHERIT_SCL 0 0 0
		*TM_ROW0 0.4880	-0.2950	-0.8215
		*TM_ROW1 -0.6565	0.4961	-0.5682
		*TM_ROW2 -0.5752	-0.8166	-0.0485
		*TM_ROW3 18.5742	-14.4567	73.4260
		*TM_POS 18.5742	-14.4567	73.4260
		*TM_ROTAXIS -0.4938	-0.4896	-0.7187
		*TM_ROTANGLE 3.3958
		*TM_SCALE 1.0000	1.0000	1.0000
		*TM_SCALEAXIS 0.9692	-0.2463	0.0000
		*TM_SCALEAXISANG 0.1531
	}
*NODE_TM {
		*NODE_NAME "Bip01 Bone29"
		*INHERIT_POS 0 0 0
		*INHERIT_ROT 0 0 0
		*INHERIT_SCL 0 0 0
		*TM_ROW0 0.6714	0.1864	-0.7172
		*TM_ROW1 -0.7288	-0.0094	-0.6847
		*TM_ROW2 0.1343	-0.9824	-0.1296
		*TM_ROW3 6.9842	-1.7758	91.8667
		*TM_POS 6.9842	-1.7758	91.8667
		*TM_ROTAXIS -0.2317	-0.6627	-0.7122
		*TM_ROTANGLE 3.8394
		*TM_SCALE 1.0000	1.0000	1.0000
		*TM_SCALEAXIS 0.7132	0.2277	-0.6629
		*TM_SCALEAXISANG 0.9391
	}
*NODE_TM {
		*NODE_NAME "Bip01 Bone30"
		*INHERIT_POS 0 0 0
		*INHERIT_ROT 0 0 0
		*INHERIT_SCL 0 0 0
		*TM_ROW0 0.5898	0.1843	-0.7862
		*TM_ROW1 -0.7963	-0.0292	-0.6042
		*TM_ROW2 0.1343	-0.9824	-0.1296
		*TM_ROW3 15.4105	0.5634	82.8656
		*TM_POS 15.4105	0.5634	82.8656
		*TM_ROTAXIS -0.2707	-0.6589	-0.7019
		*TM_ROTANGLE 3.9150
		*TM_SCALE 1.0000	1.0000	1.0000
		*TM_SCALEAXIS 0.3039	0.0000	-0.9527
		*TM_SCALEAXISANG 0.8064
	}
*NODE_TM {
		*NODE_NAME "Bip01 Bone31"
		*INHERIT_POS 0 0 0
		*INHERIT_ROT 0 0 0
		*INHERIT_SCL 0 0 0
		*TM_ROW0 0.5898	0.1843	-0.7862
		*TM_ROW1 -0.7963	-0.0292	-0.6042
		*TM_ROW2 0.1343	-0.9824	-0.1296
		*TM_ROW3 21.2340	2.3834	75.1026
		*TM_POS 21.2340	2.3834	75.1026
		*TM_ROTAXIS -0.2707	-0.6589	-0.7019
		*TM_ROTANGLE 3.9150
		*TM_SCALE 1.0000	1.0000	1.0000
		*TM_SCALEAXIS 0.0647	0.1658	0.9840
		*TM_SCALEAXISANG 0.7963
	}
*NODE_TM {
		*NODE_NAME "Bip01 Bone32"
		*INHERIT_POS 0 0 0
		*INHERIT_ROT 0 0 0
		*INHERIT_SCL 0 0 0
		*TM_ROW0 -0.2100	-0.4401	-0.8731
		*TM_ROW1 0.8042	-0.5856	0.1018
		*TM_ROW2 -0.5561	-0.6807	0.4769
		*TM_ROW3 -5.0347	-6.9568	84.9715
		*TM_POS -5.0347	-6.9568	84.9715
		*TM_ROTAXIS 0.5204	0.2108	-0.8275
		*TM_ROTANGLE 3.9924
		*TM_SCALE 1.0000	1.0000	1.0000
		*TM_SCALEAXIS 0.5296	-0.6587	0.5345
		*TM_SCALEAXISANG 0.3882
	}
*NODE_TM {
		*NODE_NAME "Bip01 Bone33"
		*INHERIT_POS 0 0 0
		*INHERIT_ROT 0 0 0
		*INHERIT_SCL 0 0 0
		*TM_ROW0 -0.1586	-0.4763	-0.8649
		*TM_ROW1 0.8158	-0.5566	0.1569
		*TM_ROW2 -0.5561	-0.6807	0.4769
		*TM_ROW3 -7.6695	-12.4797	74.0148
		*TM_POS -7.6695	-12.4797	74.0148
		*TM_ROTAXIS 0.5333	0.1966	-0.8227
		*TM_ROTANGLE 4.0447
		*TM_SCALE 1.0000	1.0000	1.0000
		*TM_SCALEAXIS -0.1327	0.8210	0.5553
		*TM_SCALEAXISANG 0.7396
	}
*NODE_TM {
		*NODE_NAME "Bip01 Bone34"
		*INHERIT_POS 0 0 0
		*INHERIT_ROT 0 0 0
		*INHERIT_SCL 0 0 0
		*TM_ROW0 -0.1586	-0.4763	-0.8649
		*TM_ROW1 0.8158	-0.5566	0.1569
		*TM_ROW2 -0.5561	-0.6807	0.4769
		*TM_ROW3 -9.2359	-17.1822	65.4753
		*TM_POS -9.2359	-17.1822	65.4753
		*TM_ROTAXIS 0.5333	0.1966	-0.8227
		*TM_ROTANGLE 4.0447
		*TM_SCALE 1.0000	1.0000	1.0000
		*TM_SCALEAXIS -0.0758	0.7491	0.6581
		*TM_SCALEAXISANG 0.4666
	}
*NODE_TM {
		*NODE_NAME "Bip01 Bone35"
		*INHERIT_POS 0 0 0
		*INHERIT_ROT 0 0 0
		*INHERIT_SCL 0 0 0
		*TM_ROW0 -0.5013	-0.0445	-0.8641
		*TM_ROW1 0.7788	-0.4584	-0.4282
		*TM_ROW2 -0.3770	-0.8876	0.2645
		*TM_ROW3 -10.7535	-1.5431	88.1799
		*TM_POS -10.7535	-1.5431	88.1799
		*TM_ROTAXIS 0.4329	0.4590	-0.7758
		*TM_ROTANGLE 3.7009
		*TM_SCALE 1.0000	1.0000	1.0000
		*TM_SCALEAXIS -0.3068	-0.9518	0.0000
		*TM_SCALEAXISANG 0.2741
	}
*NODE_TM {
		*NODE_NAME "Bip01 Bone36"
		*INHERIT_POS 0 0 0
		*INHERIT_ROT 0 0 0
		*INHERIT_SCL 0 0 0
		*TM_ROW0 -0.4510	-0.0735	-0.8895
		*TM_ROW1 0.8090	-0.4547	-0.3727
		*TM_ROW2 -0.3770	-0.8876	0.2645
		*TM_ROW3 -17.0452	-2.1022	77.3357
		*TM_POS -17.0452	-2.1022	77.3357
		*TM_ROTAXIS 0.4505	0.4483	-0.7720
		*TM_ROTANGLE 3.7499
		*TM_SCALE 1.0000	1.0000	1.0000
		*TM_SCALEAXIS 0.2577	0.9662	-0.0000
		*TM_SCALEAXISANG 0.3081
	}
*NODE_TM {
		*NODE_NAME "Bip01 Bone37"
		*INHERIT_POS 0 0 0
		*INHERIT_ROT 0 0 0
		*INHERIT_SCL 0 0 0
		*TM_ROW0 -0.4510	-0.0735	-0.8895
		*TM_ROW1 0.8090	-0.4547	-0.3727
		*TM_ROW2 -0.3770	-0.8876	0.2645
		*TM_ROW3 -21.4987	-2.8277	68.5534
		*TM_POS -21.4987	-2.8277	68.5534
		*TM_ROTAXIS 0.4505	0.4483	-0.7720
		*TM_ROTANGLE 3.7499
		*TM_SCALE 1.0000	1.0000	1.0000
		*TM_SCALEAXIS 0.0981	0.9952	-0.0000
		*TM_SCALEAXISANG 0.3425
	}
*NODE_TM {
		*NODE_NAME "Bip01 Bone38"
		*INHERIT_POS 0 0 0
		*INHERIT_ROT 0 0 0
		*INHERIT_SCL 0 0 0
		*TM_ROW0 0.0469	-0.6508	-0.7578
		*TM_ROW1 -0.2469	0.7275	-0.6401
		*TM_ROW2 -0.9679	-0.2172	0.1265
		*TM_ROW3 1.5694	-10.1027	87.5079
		*TM_POS 1.5694	-10.1027	87.5079
		*TM_ROTAXIS -0.6806	-0.3381	-0.6499
		*TM_ROTANGLE 2.8256
		*TM_SCALE 1.0000	1.0000	1.0000
		*TM_SCALEAXIS 0.7220	-0.1700	-0.6707
		*TM_SCALEAXISANG 0.8776
	}
*NODE_TM {
		*NODE_NAME "Bip01 Bone39"
		*INHERIT_POS 0 0 0
		*INHERIT_ROT 0 0 0
		*INHERIT_SCL 0 0 0
		*TM_ROW0 0.0312	-0.6035	-0.7968
		*TM_ROW1 -0.2494	0.7673	-0.5909
		*TM_ROW2 -0.9679	-0.2172	0.1265
		*TM_ROW3 2.1585	-18.2701	77.9980
		*TM_POS 2.1585	-18.2701	77.9980
		*TM_ROTAXIS -0.6889	-0.3154	-0.6527
		*TM_ROTANGLE 2.8669
		*TM_SCALE 1.0000	1.0000	1.0000
		*TM_SCALEAXIS 0.0150	0.7062	-0.7078
		*TM_SCALEAXISANG 0.6390
	}
*NODE_TM {
		*NODE_NAME "Bip01 Bone40"
		*INHERIT_POS 0 0 0
		*INHERIT_ROT 0 0 0
		*INHERIT_SCL 0 0 0
		*TM_ROW0 0.0312	-0.6035	-0.7968
		*TM_ROW1 -0.2494	0.7673	-0.5909
		*TM_ROW2 -0.9679	-0.2172	0.1265
		*TM_ROW3 2.4667	-24.2285	70.1308
		*TM_POS 2.4667	-24.2285	70.1308
		*TM_ROTAXIS -0.6889	-0.3154	-0.6527
		*TM_ROTANGLE 2.8669
		*TM_SCALE 1.0000	1.0000	1.0000
		*TM_SCALEAXIS 0.0906	0.3144	-0.9450
		*TM_SCALEAXISANG 0.5197
	}
*NODE_TM {
		*NODE_NAME "Bip01"
		*INHERIT_POS 0 0 0
		*INHERIT_ROT 0 0 0
		*INHERIT_SCL 1 1 1
		*TM_ROW0 -0.3368	-0.9254	-0.1736
		*TM_ROW1 0.9397	-0.3420	-0.0000
		*TM_ROW2 -0.0594	-0.1632	0.9848
		*TM_ROW3 0.0000	-0.2158	82.5756
		*TM_POS 0.0000	-0.2158	82.5756
		*TM_ROTAXIS -0.0870	-0.0609	0.9943
		*TM_ROTANGLE 1.9252
		*TM_SCALE 1.0000	1.0000	1.0000
		*TM_SCALEAXIS -0.7063	0.7079	-0.0000
		*TM_SCALEAXISANG 0.0551
	}
*NODE_TM {
		*NODE_NAME "Bip01 Footsteps"
		*INHERIT_POS 1 1 1
		*INHERIT_ROT 1 1 1
		*INHERIT_SCL 1 1 1
		*TM_ROW0 1.0000	0.0000	0.0000
		*TM_ROW1 0.0000	1.0000	0.0000
		*TM_ROW2 0.0000	0.0000	1.0000
		*TM_ROW3 0.0000	-0.2158	0.1007
		*TM_POS 0.0000	-0.2158	0.1007
		*TM_ROTAXIS 0.0000	0.0000	0.0000
		*TM_ROTANGLE 0.0000
		*TM_SCALE 1.0000	1.0000	1.0000
		*TM_SCALEAXIS 0.0000	0.0000	0.0000
		*TM_SCALEAXISANG 0.0000
	}
*NODE_TM {
		*NODE_NAME "Bip01 Pelvis"
		*INHERIT_POS 0 0 0
		*INHERIT_ROT 0 0 0
		*INHERIT_SCL 1 1 1
		*TM_ROW0 -0.0594	-0.1632	0.9848
		*TM_ROW1 -0.5686	-0.8054	-0.1677
		*TM_ROW2 0.8205	-0.5699	-0.0449
		*TM_ROW3 0.0000	-0.2158	82.5756
		*TM_POS 0.0000	-0.2158	82.5756
		*TM_ROTAXIS -0.6768	0.2765	-0.6822
		*TM_ROTANGLE 2.8399
		*TM_SCALE 1.0000	1.0000	1.0000
		*TM_SCALEAXIS 0.0000	0.0000	0.0000
		*TM_SCALEAXISANG 0.0000
	}
*NODE_TM {
		*NODE_NAME "Bip01 Spine"
		*INHERIT_POS 0 0 0
		*INHERIT_ROT 0 0 0
		*INHERIT_SCL 1 1 1
		*TM_ROW0 -0.1972	-0.3556	0.9136
		*TM_ROW1 -0.5366	-0.7408	-0.4042
		*TM_ROW2 0.8205	-0.5699	-0.0447
		*TM_ROW3 -0.5052	-1.6090	91.0177
		*TM_POS -0.5052	-1.6090	91.0177
		*TM_ROTAXIS -0.6315	0.3547	-0.6895
		*TM_ROTANGLE 3.0100
		*TM_SCALE 1.0000	1.0000	1.0000
		*TM_SCALEAXIS 0.4490	-0.0000	0.8935
		*TM_SCALEAXISANG 0.2096
	}
*NODE_TM {
		*NODE_NAME "Bip01 Spine1"
		*INHERIT_POS 0 0 0
		*INHERIT_ROT 0 0 0
		*INHERIT_SCL 1 1 1
		*TM_ROW0 -0.1545	-0.2892	0.9447
		*TM_ROW1 -0.6902	-0.6526	-0.3126
		*TM_ROW2 0.7069	-0.7004	-0.0988
		*TM_ROW3 -2.2133	-4.6933	98.9549
		*TM_POS -2.2133	-4.6933	98.9549
		*TM_ROTAXIS -0.6394	0.3922	-0.6613
		*TM_ROTANGLE 2.8336
		*TM_SCALE 1.0000	1.0000	1.0000
		*TM_SCALEAXIS -0.0000	0.4921	-0.8706
		*TM_SCALEAXISANG 0.1220
	}
*NODE_TM {
		*NODE_NAME "Bip01 Spine2"
		*INHERIT_POS 0 0 0
		*INHERIT_ROT 0 0 0
		*INHERIT_SCL 1 1 1
		*TM_ROW0 0.0802	-0.2884	0.9541
		*TM_ROW1 -0.8154	-0.5696	-0.1037
		*TM_ROW2 0.5733	-0.7697	-0.2808
		*TM_ROW3 -3.5478	-7.2005	107.1612
		*TM_POS -3.5478	-7.2005	107.1612
		*TM_ROTAXIS -0.7156	0.4091	-0.5662
		*TM_ROTANGLE 2.6575
		*TM_SCALE 1.0000	1.0000	1.0000
		*TM_SCALEAXIS -0.8998	0.4363	-0.0000
		*TM_SCALEAXISANG 0.8292
	}
*NODE_TM {
		*NODE_NAME "Bip01 Neck"
		*INHERIT_POS 0 0 0
		*INHERIT_ROT 0 0 0
		*INHERIT_SCL 1 1 1
		*TM_ROW0 0.2019	-0.1995	0.9589
		*TM_ROW1 -0.7941	-0.6065	0.0410
		*TM_ROW2 0.5733	-0.7697	-0.2808
		*TM_ROW3 -2.6719	-10.3397	117.5526
		*TM_POS -2.6719	-10.3397	117.5526
		*TM_ROTAXIS -0.7529	0.3581	-0.5522
		*TM_ROTANGLE 2.5731
		*TM_SCALE 1.0000	1.0000	1.0000
		*TM_SCALEAXIS 0.3374	0.0000	0.9414
		*TM_SCALEAXISANG 0.3224
	}
*NODE_TM {
		*NODE_NAME "Bip01 Neck1"
		*INHERIT_POS 0 0 0
		*INHERIT_ROT 0 0 0
		*INHERIT_SCL 1 1 1
		*TM_ROW0 -0.0440	-0.3712	0.9275
		*TM_ROW1 -0.8181	-0.5194	-0.2468
		*TM_ROW2 0.5733	-0.7697	-0.2808
		*TM_ROW3 -1.7561	-11.2399	121.8894
		*TM_POS -1.7561	-11.2399	121.8894
		*TM_ROTAXIS -0.6759	0.4577	-0.5776
		*TM_ROTANGLE 2.7444
		*TM_SCALE 1.0000	1.0000	1.0000
		*TM_SCALEAXIS -0.9990	-0.0000	-0.0452
		*TM_SCALEAXISANG 0.2894
	}
*NODE_TM {
		*NODE_NAME "Bip01 Head"
		*INHERIT_POS 0 0 0
		*INHERIT_ROT 0 0 0
		*INHERIT_SCL 1 1 1
		*TM_ROW0 -0.0560	-0.1231	0.9908
		*TM_ROW1 -0.0845	-0.9882	-0.1276
		*TM_ROW2 0.9948	-0.0909	0.0449
		*TM_ROW3 -1.9553	-12.9186	126.0834
		*TM_POS -1.9553	-12.9186	126.0834
		*TM_ROTAXIS -0.6870	0.0756	-0.7228
		*TM_ROTANGLE 3.1683
		*TM_SCALE 1.0000	1.0000	1.0000
		*TM_SCALEAXIS 0.0000	0.0000	0.0000
		*TM_SCALEAXISANG 0.0000
	}
*NODE_TM {
		*NODE_NAME "Bip01 L Clavicle"
		*INHERIT_POS 0 0 0
		*INHERIT_ROT 0 0 0
		*INHERIT_SCL 1 1 1
		*TM_ROW0 0.5743	-0.7730	-0.2696
		*TM_ROW1 0.8153	0.5698	0.1029
		*TM_ROW2 0.0740	-0.2789	0.9575
		*TM_ROW3 -1.1794	-12.3492	116.8203
		*TM_POS -1.1794	-12.3492	116.8203
		*TM_ROTAXIS -0.2287	-0.2058	0.9515
		*TM_ROTANGLE 0.9875
		*TM_SCALE 1.0000	1.0000	1.0000
		*TM_SCALEAXIS 0.9987	0.0000	0.0510
		*TM_SCALEAXISANG 0.3012
	}
*NODE_TM {
		*NODE_NAME "Bip01 L UpperArm"
		*INHERIT_POS 0 0 0
		*INHERIT_ROT 0 0 0
		*INHERIT_SCL 1 1 1
		*TM_ROW0 0.5034	0.0548	-0.8623
		*TM_ROW1 0.7852	0.3874	0.4830
		*TM_ROW2 0.3605	-0.9203	0.1520
		*TM_ROW3 3.4903	-18.6352	114.6282
		*TM_POS 3.4903	-18.6352	114.6282
		*TM_ROTAXIS -0.7018	-0.6116	0.3653
		*TM_ROTANGLE 1.5494
		*TM_SCALE 1.0000	1.0000	1.0000
		*TM_SCALEAXIS -0.7508	0.0000	0.6605
		*TM_SCALEAXISANG 0.0556
	}
*NODE_TM {
		*NODE_NAME "Bip01 L Forearm"
		*INHERIT_POS 0 0 0
		*INHERIT_ROT 0 0 0
		*INHERIT_SCL 1 1 1
		*TM_ROW0 -0.0881	-0.1959	-0.9767
		*TM_ROW1 0.9286	0.3387	-0.1517
		*TM_ROW2 0.3605	-0.9203	0.1520
		*TM_ROW3 12.9370	-17.6077	98.4465
		*TM_POS 12.9370	-17.6077	98.4465
		*TM_ROTAXIS -0.4027	-0.7006	0.5891
		*TM_ROTANGLE 1.8741
		*TM_SCALE 1.0000	1.0000	1.0000
		*TM_SCALEAXIS 0.0000	-0.9627	-0.2705
		*TM_SCALEAXISANG 0.4259
	}
*NODE_TM {
		*NODE_NAME "Bip01 L Hand"
		*INHERIT_POS 0 0 0
		*INHERIT_ROT 0 0 0
		*INHERIT_SCL 1 1 1
		*TM_ROW0 -0.0881	-0.1959	-0.9767
		*TM_ROW1 -0.3598	0.9205	-0.1522
		*TM_ROW2 0.9289	0.3380	-0.1516
		*TM_ROW3 11.4458	-20.9233	81.9143
		*TM_POS 11.4458	-20.9233	81.9143
		*TM_ROTAXIS 0.2483	-0.9651	-0.0830
		*TM_ROTANGLE 1.7310
		*TM_SCALE 1.0000	1.0000	1.0000
		*TM_SCALEAXIS 0.4059	0.4362	-0.8031
		*TM_SCALEAXISANG 0.1930
	}
*NODE_TM {
		*NODE_NAME "Bip01 L Finger0"
		*INHERIT_POS 0 0 0
		*INHERIT_ROT 0 0 0
		*INHERIT_SCL 1 1 1
		*TM_ROW0 -0.7656	-0.2441	-0.5952
		*TM_ROW1 0.5894	0.1049	-0.8010
		*TM_ROW2 0.2580	-0.9641	0.0636
		*TM_ROW3 8.8372	-22.5074	79.0406
		*TM_POS 8.8372	-22.5074	79.0406
		*TM_ROTAXIS -0.1354	-0.7087	0.6923
		*TM_ROTANGLE 2.4957
		*TM_SCALE 1.0000	1.0000	1.0000
		*TM_SCALEAXIS 0.5011	-0.0000	0.8654
		*TM_SCALEAXISANG 0.2652
	}
*NODE_TM {
		*NODE_NAME "Bip01 L Finger01"
		*INHERIT_POS 0 0 0
		*INHERIT_ROT 0 0 0
		*INHERIT_SCL 1 1 1
		*TM_ROW0 -0.3512	-0.1548	-0.9234
		*TM_ROW1 0.9001	0.2159	-0.3785
		*TM_ROW2 0.2580	-0.9641	0.0636
		*TM_ROW3 5.2648	-23.6465	76.2630
		*TM_POS 5.2648	-23.6465	76.2630
		*TM_ROTAXIS -0.3468	-0.6996	0.6247
		*TM_ROTANGLE 2.1363
		*TM_SCALE 1.0000	1.0000	1.0000
		*TM_SCALEAXIS -0.3932	-0.0000	-0.9194
		*TM_SCALEAXISANG 0.3798
	}
*NODE_TM {
		*NODE_NAME "Bip01 L Finger02"
		*INHERIT_POS 0 0 0
		*INHERIT_ROT 0 0 0
		*INHERIT_SCL 1 1 1
		*TM_ROW0 -0.0544	-0.0802	-0.9953
		*TM_ROW1 0.9646	0.2533	-0.0732
		*TM_ROW2 0.2580	-0.9641	0.0636
		*TM_ROW3 4.0272	-24.1922	73.0084
		*TM_POS 4.0272	-24.1922	73.0084
		*TM_ROTAXIS -0.4792	-0.6742	0.5620
		*TM_ROTANGLE 1.9485
		*TM_SCALE 1.0000	1.0000	1.0000
		*TM_SCALEAXIS -0.5315	0.0000	-0.8471
		*TM_SCALEAXISANG 0.2622
	}
*NODE_TM {
		*NODE_NAME "Bip01 L Finger1"
		*INHERIT_POS 0 0 0
		*INHERIT_ROT 0 0 0
		*INHERIT_SCL 1 1 1
		*TM_ROW0 -0.2715	0.1073	-0.9564
		*TM_ROW1 -0.2849	0.9403	0.1863
		*TM_ROW2 0.9193	0.3230	-0.2247
		*TM_ROW3 8.1321	-25.2165	72.2348
		*TM_POS 8.1321	-25.2165	72.2348
		*TM_ROTAXIS 0.0712	-0.9764	-0.2041
		*TM_ROTANGLE 1.8525
		*TM_SCALE 1.0000	1.0000	1.0000
		*TM_SCALEAXIS 0.0000	0.3987	0.9171
		*TM_SCALEAXISANG 0.2135
	}
*NODE_TM {
		*NODE_NAME "Bip01 L Finger11"
		*INHERIT_POS 0 0 0
		*INHERIT_ROT 0 0 0
		*INHERIT_SCL 1 1 1
		*TM_ROW0 -0.3868	0.6366	-0.6671
		*TM_ROW1 -0.0724	0.7003	0.7102
		*TM_ROW2 0.9193	0.3230	-0.2247
		*TM_ROW3 7.3561	-24.9100	69.5011
		*TM_POS 7.3561	-24.9100	69.5011
		*TM_ROTAXIS -0.2175	-0.8911	-0.3983
		*TM_ROTANGLE 2.0439
		*TM_SCALE 1.0000	1.0000	1.0000
		*TM_SCALEAXIS -0.6885	-0.7253	0.0000
		*TM_SCALEAXISANG 0.1769
	}
*NODE_TM {
		*NODE_NAME "Bip01 L Finger12"
		*INHERIT_POS 0 0 0
		*INHERIT_ROT 0 0 0
		*INHERIT_SCL 1 1 1
		*TM_ROW0 -0.3562	0.9259	-0.1262
		*TM_ROW1 0.1673	0.1961	0.9662
		*TM_ROW2 0.9193	0.3230	-0.2247
		*TM_ROW3 6.2506	-23.0904	67.5943
		*TM_POS 6.2506	-23.0904	67.5943
		*TM_ROTAXIS -0.4457	-0.7246	-0.5257
		*TM_ROTANGLE 2.3356
		*TM_SCALE 1.0000	1.0000	1.0000
		*TM_SCALEAXIS -0.4699	0.0874	-0.8784
		*TM_SCALEAXISANG 0.2448
	}
*NODE_TM {
		*NODE_NAME "Bip01 L Finger2"
		*INHERIT_POS 0 0 0
		*INHERIT_ROT 0 0 0
		*INHERIT_SCL 1 1 1
		*TM_ROW0 -0.2061	0.1307	-0.9698
		*TM_ROW1 -0.3087	0.9318	0.1912
		*TM_ROW2 0.9286	0.3387	-0.1517
		*TM_ROW3 12.2893	-23.1106	71.5702
		*TM_POS 12.2893	-23.1106	71.5702
		*TM_ROTAXIS 0.0755	-0.9715	-0.2248
		*TM_ROTANGLE 1.7855
		*TM_SCALE 1.0000	1.0000	1.0000
		*TM_SCALEAXIS 0.1814	-0.0000	0.9834
		*TM_SCALEAXISANG 0.1359
	}
*NODE_TM {
		*NODE_NAME "Bip01 L Finger21"
		*INHERIT_POS 0 0 0
		*INHERIT_ROT 0 0 0
		*INHERIT_SCL 1 1 1
		*TM_ROW0 -0.3608	0.7278	-0.5833
		*TM_ROW1 -0.0872	0.5963	0.7980
		*TM_ROW2 0.9286	0.3387	-0.1517
		*TM_ROW3 11.6794	-22.7238	68.7004
		*TM_POS 11.6794	-22.7238	68.7004
		*TM_ROTAXIS -0.2583	-0.8504	-0.4584
		*TM_ROTANGLE 2.0466
		*TM_SCALE 1.0000	1.0000	1.0000
		*TM_SCALEAXIS 0.0000	0.2082	0.9781
		*TM_SCALEAXISANG 0.6148
	}
*NODE_TM {
		*NODE_NAME "Bip01 L Finger22"
		*INHERIT_POS 0 0 0
		*INHERIT_ROT 0 0 0
		*INHERIT_SCL 1 1 1
		*TM_ROW0 -0.3437	0.9391	-0.0068
		*TM_ROW1 0.1401	0.0585	0.9884
		*TM_ROW2 0.9286	0.3387	-0.1517
		*TM_ROW3 10.6118	-20.5701	66.9744
		*TM_POS 10.6118	-20.5701	66.9744
		*TM_ROTAXIS -0.4670	-0.6724	-0.5743
		*TM_ROTANGLE 2.3724
		*TM_SCALE 1.0000	1.0000	1.0000
		*TM_SCALEAXIS 0.5792	0.0000	-0.8152
		*TM_SCALEAXISANG 0.0806
	}
*NODE_TM {
		*NODE_NAME "Bip01 R Clavicle"
		*INHERIT_POS 0 0 0
		*INHERIT_ROT 0 0 0
		*INHERIT_SCL 1 1 1
		*TM_ROW0 -0.5778	0.7892	0.2081
		*TM_ROW1 0.8153	0.5698	0.1029
		*TM_ROW2 -0.0374	0.2291	-0.9727
		*TM_ROW3 -4.1700	-8.3344	118.2852
		*TM_POS -4.1700	-8.3344	118.2852
		*TM_ROTAXIS -0.4553	-0.8854	-0.0942
		*TM_ROTANGLE 3.2807
		*TM_SCALE 1.0000	1.0000	1.0000
		*TM_SCALEAXIS 0.0000	0.6236	-0.7818
		*TM_SCALEAXISANG 0.3766
	}
*NODE_TM {
		*NODE_NAME "Bip01 R UpperArm"
		*INHERIT_POS 0 0 0
		*INHERIT_ROT 0 0 0
		*INHERIT_SCL 1 1 1
		*TM_ROW0 0.1884	0.7264	-0.6610
		*TM_ROW1 0.6080	0.4423	0.6593
		*TM_ROW2 0.7713	-0.5260	-0.3583
		*TM_ROW3 -8.8686	-1.9169	119.9774
		*TM_POS -8.8686	-1.9169	119.9774
		*TM_ROTAXIS -0.6363	-0.7688	-0.0636
		*TM_ROTANGLE 1.9432
		*TM_SCALE 1.0000	1.0000	1.0000
		*TM_SCALEAXIS -0.9782	0.2078	0.0000
		*TM_SCALEAXISANG 0.3177
	}
*NODE_TM {
		*NODE_NAME "Bip01 R Forearm"
		*INHERIT_POS 0 0 0
		*INHERIT_ROT 0 0 0
		*INHERIT_SCL 1 1 1
		*TM_ROW0 -0.3084	0.1835	-0.9334
		*TM_ROW1 0.5568	0.8304	-0.0207
		*TM_ROW2 0.7713	-0.5260	-0.3583
		*TM_ROW3 -5.3337	11.7141	107.5740
		*TM_POS -5.3337	11.7141	107.5740
		*TM_ROTAXIS -0.2782	-0.9383	0.2054
		*TM_ROTANGLE 2.0022
		*TM_SCALE 1.0000	1.0000	1.0000
		*TM_SCALEAXIS 0.0000	0.0000	0.0000
		*TM_SCALEAXISANG 0.0000
	}
*NODE_TM {
		*NODE_NAME "Bip01 R Hand"
		*INHERIT_POS 0 0 0
		*INHERIT_ROT 0 0 0
		*INHERIT_SCL 1 1 1
		*TM_ROW0 -0.3084	0.1835	-0.9334
		*TM_ROW1 0.7717	-0.5254	-0.3583
		*TM_ROW2 -0.5561	-0.8308	0.0204
		*TM_ROW3 -10.5545	14.8208	91.7745
		*TM_POS -10.5545	14.8208	91.7745
		*TM_ROTAXIS 0.5602	0.4472	-0.6973
		*TM_ROTANGLE 3.5770
		*TM_SCALE 1.0000	1.0000	1.0000
		*TM_SCALEAXIS 0.9990	-0.0000	0.0437
		*TM_SCALEAXISANG 0.7831
	}
*NODE_TM {
		*NODE_NAME "Bip01 R Finger0"
		*INHERIT_POS 0 0 0
		*INHERIT_ROT 0 0 0
		*INHERIT_SCL 1 1 1
		*TM_ROW0 -0.4970	-0.5308	-0.6865
		*TM_ROW1 0.1777	0.7121	-0.6792
		*TM_ROW2 0.8494	-0.4596	-0.2596
		*TM_ROW3 -13.0534	13.3823	88.7318
		*TM_POS -13.0534	13.3823	88.7318
		*TM_ROTAXIS 0.1288	-0.9005	0.4154
		*TM_ROTANGLE 2.1203
		*TM_SCALE 1.0000	1.0000	1.0000
		*TM_SCALEAXIS 0.0000	0.9151	0.4033
		*TM_SCALEAXISANG 0.1656
	}
*NODE_TM {
		*NODE_NAME "Bip01 R Finger01"
		*INHERIT_POS 0 0 0
		*INHERIT_ROT 0 0 0
		*INHERIT_SCL 1 1 1
		*TM_ROW0 -0.3338	-0.0867	-0.9387
		*TM_ROW1 0.4088	0.8839	-0.2271
		*TM_ROW2 0.8494	-0.4596	-0.2596
		*TM_ROW3 -15.3725	10.9054	85.5284
		*TM_POS -15.3725	10.9054	85.5284
		*TM_ROTAXIS -0.1243	-0.9562	0.2650
		*TM_ROTANGLE 1.9334
		*TM_SCALE 1.0000	1.0000	1.0000
		*TM_SCALEAXIS 0.9310	0.3651	-0.0000
		*TM_SCALEAXISANG 0.3117
	}
*NODE_TM {
		*NODE_NAME "Bip01 R Finger02"
		*INHERIT_POS 0 0 0
		*INHERIT_ROT 0 0 0
		*INHERIT_SCL 1 1 1
		*TM_ROW0 -0.1904	0.1919	-0.9628
		*TM_ROW1 0.4923	0.8672	0.0755
		*TM_ROW2 0.8494	-0.4596	-0.2596
		*TM_ROW3 -16.5488	10.5997	82.2202
		*TM_POS -16.5488	10.5997	82.2202
		*TM_ROTAXIS -0.2797	-0.9472	0.1570
		*TM_ROTANGLE 1.8665
		*TM_SCALE 1.0000	1.0000	1.0000
		*TM_SCALEAXIS 0.8917	0.4526	0.0000
		*TM_SCALEAXISANG 0.2235
	}
*NODE_TM {
		*NODE_NAME "Bip01 R Finger1"
		*INHERIT_POS 0 0 0
		*INHERIT_ROT 0 0 0
		*INHERIT_SCL 1 1 1
		*TM_ROW0 -0.0646	-0.0667	-0.9957
		*TM_ROW1 0.8443	-0.5355	-0.0189
		*TM_ROW2 -0.5320	-0.8419	0.0909
		*TM_ROW3 -16.5157	14.8961	82.4170
		*TM_POS -16.5157	14.8961	82.4170
		*TM_ROTAXIS 0.6271	0.3534	-0.6942
		*TM_ROTANGLE 3.8573
		*TM_SCALE 1.0000	1.0000	1.0000
		*TM_SCALEAXIS 0.0000	0.0000	0.0000
		*TM_SCALEAXISANG 0.0000
	}
*NODE_TM {
		*NODE_NAME "Bip01 R Finger11"
		*INHERIT_POS 0 0 0
		*INHERIT_ROT 0 0 0
		*INHERIT_SCL 1 1 1
		*TM_ROW0 0.4411	-0.3671	-0.8189
		*TM_ROW1 0.7228	-0.3956	0.5666
		*TM_ROW2 -0.5320	-0.8419	0.0909
		*TM_ROW3 -16.7002	14.7056	79.5712
		*TM_POS -16.7002	14.7056	79.5712
		*TM_ROTAXIS -0.7808	-0.1591	0.6042
		*TM_ROTANGLE 2.0173
		*TM_SCALE 1.0000	1.0000	1.0000
		*TM_SCALEAXIS -0.6318	0.7752	-0.0000
		*TM_SCALEAXISANG 0.1508
	}
*NODE_TM {
		*NODE_NAME "Bip01 R Finger12"
		*INHERIT_POS 0 0 0
		*INHERIT_ROT 0 0 0
		*INHERIT_SCL 1 1 1
		*TM_ROW0 0.7804	-0.5291	-0.3333
		*TM_ROW1 0.3286	-0.1064	0.9384
		*TM_ROW2 -0.5320	-0.8419	0.0909
		*TM_ROW3 -15.4395	13.6563	77.2305
		*TM_POS -15.4395	13.6563	77.2305
		*TM_ROTAXIS -0.8964	0.1000	0.4319
		*TM_ROTANGLE 1.6887
		*TM_SCALE 1.0000	1.0000	1.0000
		*TM_SCALEAXIS 0.7418	0.6706	-0.0000
		*TM_SCALEAXISANG 0.0226
	}
*NODE_TM {
		*NODE_NAME "Bip01 R Finger2"
		*INHERIT_POS 0 0 0
		*INHERIT_ROT 0 0 0
		*INHERIT_SCL 1 1 1
		*TM_ROW0 -0.0260	-0.0075	-0.9996
		*TM_ROW1 0.8303	-0.5571	-0.0175
		*TM_ROW2 -0.5568	-0.8304	0.0207
		*TM_ROW3 -13.4564	18.4697	82.2477
		*TM_POS -13.4564	18.4697	82.2477
		*TM_ROTAXIS 0.6511	0.3547	-0.6710
		*TM_ROTANGLE 3.8158
		*TM_SCALE 1.0000	1.0000	1.0000
		*TM_SCALEAXIS 0.0000	0.0000	0.0000
		*TM_SCALEAXISANG 0.0000
	}
*NODE_TM {
		*NODE_NAME "Bip01 R Finger21"
		*INHERIT_POS 0 0 0
		*INHERIT_ROT 0 0 0
		*INHERIT_SCL 1 1 1
		*TM_ROW0 0.5438	-0.3832	-0.7467
		*TM_ROW1 0.6280	-0.4045	0.6649
		*TM_ROW2 -0.5568	-0.8304	0.0207
		*TM_ROW3 -13.5334	18.4476	79.2895
		*TM_POS -13.5334	18.4476	79.2895
		*TM_ROTAXIS -0.8238	-0.1046	0.5571
		*TM_ROTANGLE 2.0042
		*TM_SCALE 1.0000	1.0000	1.0000
		*TM_SCALEAXIS 0.1146	-0.9767	0.1812
		*TM_SCALEAXISANG 0.2702
	}
*NODE_TM {
		*NODE_NAME "Bip01 R Finger22"
		*INHERIT_POS 0 0 0
		*INHERIT_ROT 0 0 0
		*INHERIT_SCL 1 1 1
		*TM_ROW0 0.8083	-0.5473	-0.2172
		*TM_ROW1 0.1917	-0.1042	0.9759
		*TM_ROW2 -0.5568	-0.8304	0.0207
		*TM_ROW3 -11.9243	17.3137	77.0800
		*TM_POS -11.9243	17.3137	77.0800
		*TM_ROTAXIS -0.9118	0.1714	0.3731
		*TM_ROTANGLE 1.7089
		*TM_SCALE 1.0000	1.0000	1.0000
		*TM_SCALEAXIS 0.9696	0.0000	0.2446
		*TM_SCALEAXISANG 0.0349
	}
*NODE_TM {
		*NODE_NAME "Bip01 L Thigh"
		*INHERIT_POS 0 0 0
		*INHERIT_ROT 0 0 0
		*INHERIT_SCL 1 1 1
		*TM_ROW0 0.1583	-0.4653	-0.8709
		*TM_ROW1 -0.4082	-0.8340	0.3714
		*TM_ROW2 -0.8991	0.2967	-0.3219
		*TM_ROW3 6.1141	-4.4624	82.2407
		*TM_POS 6.1141	-4.4624	82.2407
		*TM_ROTAXIS -0.7609	0.2872	0.5819
		*TM_ROTANGLE 3.0925
		*TM_SCALE 1.0000	1.0000	1.0000
		*TM_SCALEAXIS -0.0000	0.7467	0.6652
		*TM_SCALEAXISANG 0.5580
	}
*NODE_TM {
		*NODE_NAME "Bip01 L Calf"
		*INHERIT_POS 0 0 0
		*INHERIT_ROT 0 0 0
		*INHERIT_SCL 1 1 1
		*TM_ROW0 0.3664	0.1076	-0.9242
		*TM_ROW1 -0.2395	-0.9489	-0.2054
		*TM_ROW2 -0.8991	0.2967	-0.3219
		*TM_ROW3 11.4042	-20.0116	53.1392
		*TM_POS 11.4042	-20.0116	53.1392
		*TM_ROTAXIS -0.8219	0.0411	0.5682
		*TM_ROTANGLE 3.4520
		*TM_SCALE 1.0000	1.0000	1.0000
		*TM_SCALEAXIS 0.0000	-0.7207	0.6932
		*TM_SCALEAXISANG 0.0792
	}
*NODE_TM {
		*NODE_NAME "Bip01 L Foot"
		*INHERIT_POS 0 0 0
		*INHERIT_ROT 0 0 0
		*INHERIT_SCL 1 1 1
		*TM_ROW0 -0.0000	-0.0000	-1.0000
		*TM_ROW1 -0.2588	-0.9659	0.0000
		*TM_ROW2 -0.9659	0.2588	0.0000
		*TM_ROW3 27.0433	-15.4201	13.6956
		*TM_POS 27.0433	-15.4201	13.6956
		*TM_ROTAXIS 0.7041	-0.0927	-0.7041
		*TM_ROTANGLE 2.9567
		*TM_SCALE 1.0000	1.0000	1.0000
		*TM_SCALEAXIS -0.0000	-0.1076	0.9942
		*TM_SCALEAXISANG 0.1473
	}
*NODE_TM {
		*NODE_NAME "Bip01 L Toe0"
		*INHERIT_POS 0 0 0
		*INHERIT_ROT 0 0 0
		*INHERIT_SCL 1 1 1
		*TM_ROW0 -0.2588	-0.9659	0.0000
		*TM_ROW1 0.0000	-0.0000	1.0000
		*TM_ROW2 -0.9659	0.2588	0.0000
		*TM_ROW3 22.5672	-32.1253	0.1409
		*TM_POS 22.5672	-32.1253	0.1409
		*TM_ROTAXIS 0.4769	-0.6215	-0.6215
		*TM_ROTANGLE 4.0316
		*TM_SCALE 1.0000	1.0000	1.0000
		*TM_SCALEAXIS -0.1076	0.0000	0.9942
		*TM_SCALEAXISANG 0.1473
	}
*NODE_TM {
		*NODE_NAME "Bip01 R Thigh"
		*INHERIT_POS 0 0 0
		*INHERIT_ROT 0 0 0
		*INHERIT_SCL 1 1 1
		*TM_ROW0 -0.1789	0.1652	-0.9699
		*TM_ROW1 -0.3181	-0.9426	-0.1019
		*TM_ROW2 -0.9310	0.2903	0.2212
		*TM_ROW3 -6.1141	4.0308	82.9105
		*TM_POS -6.1141	4.0308	82.9105
		*TM_ROTAXIS 0.6289	-0.0623	-0.7750
		*TM_ROTANGLE 2.8245
		*TM_SCALE 1.0000	1.0000	1.0000
		*TM_SCALEAXIS 0.8314	-0.5537	-0.0454
		*TM_SCALEAXISANG 0.3071
	}
*NODE_TM {
		*NODE_NAME "Bip01 R Calf"
		*INHERIT_POS 0 0 0
		*INHERIT_ROT 0 0 0
		*INHERIT_SCL 1 1 1
		*TM_ROW0 -0.0485	0.5024	-0.8633
		*TM_ROW1 -0.3617	-0.8145	-0.4536
		*TM_ROW2 -0.9310	0.2903	0.2212
		*TM_ROW3 -12.0924	9.5518	50.5000
		*TM_POS -12.0924	9.5518	50.5000
		*TM_ROTAXIS 0.6513	0.0593	-0.7565
		*TM_ROTANGLE 2.5338
		*TM_SCALE 1.0000	1.0000	1.0000
		*TM_SCALEAXIS -0.0000	-0.1729	-0.9849
		*TM_SCALEAXISANG 0.7474
	}
*NODE_TM {
		*NODE_NAME "Bip01 R Foot"
		*INHERIT_POS 0 0 0
		*INHERIT_ROT 0 0 0
		*INHERIT_SCL 1 1 1
		*TM_ROW0 -0.0000	-0.0000	-1.0000
		*TM_ROW1 -0.6428	-0.7660	0.0000
		*TM_ROW2 -0.7660	0.6428	0.0000
		*TM_ROW3 -14.1611	30.9914	13.6555
		*TM_POS -14.1611	30.9914	13.6555
		*TM_ROTAXIS 0.6848	-0.2492	-0.6848
		*TM_ROTANGLE 2.6531
		*TM_SCALE 1.0000	1.0000	1.0000
		*TM_SCALEAXIS -0.5657	0.0690	0.8217
		*TM_SCALEAXISANG 0.0540
	}
*NODE_TM {
		*NODE_NAME "Bip01 R Toe0"
		*INHERIT_POS 0 0 0
		*INHERIT_ROT 0 0 0
		*INHERIT_SCL 1 1 1
		*TM_ROW0 -0.6428	-0.7660	0.0000
		*TM_ROW1 0.0000	0.0000	1.0000
		*TM_ROW2 -0.7660	0.6428	-0.0000
		*TM_ROW3 -25.2777	17.7431	0.1008
		*TM_POS -25.2777	17.7431	0.1008
		*TM_ROTAXIS 0.3131	-0.6715	-0.6715
		*TM_ROTANGLE 3.7485
		*TM_SCALE 1.0000	1.0000	1.0000
		*TM_SCALEAXIS 0.0025	-0.0000	1.0000
		*TM_SCALEAXISANG 0.0664
	}
}
*TM_ANIMATION {
		*NODE_NAME "Bip01"
		*CONTROL_POS_TRACK {
			*CONTROL_POS_SAMPLE 0	0.0000	-0.2158	82.5756
			*CONTROL_POS_SAMPLE 160	0.0000	-0.2158	82.4347
			*CONTROL_POS_SAMPLE 320	0.0000	-0.2158	82.2797
			*CONTROL_POS_SAMPLE 480	0.0000	-0.2158	82.1141
			*CONTROL_POS_SAMPLE 640	0.0000	-0.2158	81.9414
			*CONTROL_POS_SAMPLE 800	0.0000	-0.2158	81.7652
			*CONTROL_POS_SAMPLE 960	0.0000	-0.2158	81.5890
			*CONTROL_POS_SAMPLE 1120	0.0000	-0.2158	81.4163
			*CONTROL_POS_SAMPLE 1280	0.0000	-0.2158	81.2507
			*CONTROL_POS_SAMPLE 1440	0.0000	-0.2158	81.0957
			*CONTROL_POS_SAMPLE 1600	0.0000	-0.2158	80.9548
			*CONTROL_POS_SAMPLE 1760	0.0000	-0.2158	80.8316
			*CONTROL_POS_SAMPLE 1920	0.0000	-0.2158	80.7297
			*CONTROL_POS_SAMPLE 2080	0.0000	-0.2158	80.6525
			*CONTROL_POS_SAMPLE 2240	0.0000	-0.2158	80.6036
			*CONTROL_POS_SAMPLE 2400	0.0000	-0.2158	80.5865
			*CONTROL_POS_SAMPLE 2560	0.0000	-0.2158	80.6036
			*CONTROL_POS_SAMPLE 2720	0.0000	-0.2158	80.6525
			*CONTROL_POS_SAMPLE 2880	0.0000	-0.2158	80.7297
			*CONTROL_POS_SAMPLE 3040	0.0000	-0.2158	80.8316
			*CONTROL_POS_SAMPLE 3200	0.0000	-0.2158	80.9548
			*CONTROL_POS_SAMPLE 3360	0.0000	-0.2158	81.0957
			*CONTROL_POS_SAMPLE 3520	0.0000	-0.2158	81.2507
			*CONTROL_POS_SAMPLE 3680	0.0000	-0.2158	81.4163
			*CONTROL_POS_SAMPLE 3840	0.0000	-0.2158	81.5890
			*CONTROL_POS_SAMPLE 4000	0.0000	-0.2158	81.7652
			*CONTROL_POS_SAMPLE 4160	0.0000	-0.2158	81.9414
			*CONTROL_POS_SAMPLE 4320	0.0000	-0.2158	82.1141
			*CONTROL_POS_SAMPLE 4480	0.0000	-0.2158	82.2797
			*CONTROL_POS_SAMPLE 4640	0.0000	-0.2158	82.4347
			*CONTROL_POS_SAMPLE 4800	0.0000	-0.2158	82.5756
		}
	}
*TM_ANIMATION {
		*NODE_NAME "Bip01 Footsteps"
		*CONTROL_POS_TRACK {
			*CONTROL_POS_SAMPLE 0	14.3216	0.0000	-81.2219
			*CONTROL_POS_SAMPLE 160	14.2971	0.0000	-81.0832
			*CONTROL_POS_SAMPLE 320	14.2702	0.0000	-80.9305
			*CONTROL_POS_SAMPLE 480	14.2415	0.0000	-80.7674
			*CONTROL_POS_SAMPLE 640	14.2115	0.0000	-80.5974
			*CONTROL_POS_SAMPLE 800	14.1809	0.0000	-80.4238
			*CONTROL_POS_SAMPLE 960	14.1503	0.0000	-80.2503
			*CONTROL_POS_SAMPLE 1120	14.1203	0.0000	-80.0802
			*CONTROL_POS_SAMPLE 1280	14.0915	0.0000	-79.9171
			*CONTROL_POS_SAMPLE 1440	14.0646	0.0000	-79.7645
			*CONTROL_POS_SAMPLE 1600	14.0402	0.0000	-79.6257
			*CONTROL_POS_SAMPLE 1760	14.0188	0.0000	-79.5044
			*CONTROL_POS_SAMPLE 1920	14.0011	0.0000	-79.4040
			*CONTROL_POS_SAMPLE 2080	13.9877	0.0000	-79.3280
			*CONTROL_POS_SAMPLE 2240	13.9792	0.0000	-79.2798
			*CONTROL_POS_SAMPLE 2400	13.9762	0.0000	-79.2630
			*CONTROL_POS_SAMPLE 2560	13.9792	0.0000	-79.2798
			*CONTROL_POS_SAMPLE 2720	13.9877	0.0000	-79.3280
			*CONTROL_POS_SAMPLE 2880	14.0011	0.0000	-79.4040
			*CONTROL_POS_SAMPLE 3040	14.0188	0.0000	-79.5044
			*CONTROL_POS_SAMPLE 3200	14.0402	0.0000	-79.6257
			*CONTROL_POS_SAMPLE 3360	14.0646	0.0000	-79.7645
			*CONTROL_POS_SAMPLE 3520	14.0915	0.0000	-79.9171
			*CONTROL_POS_SAMPLE 3680	14.1203	0.0000	-80.0802
			*CONTROL_POS_SAMPLE 3840	14.1503	0.0000	-80.2503
