*ANINAME "STAND"
{
*SCENE {
	*SCENE_TRANSITION 1
	*SCENE_FIRSTFRAME 0
	*SCENE_LASTFRAME 24
	*SCENE_FRAMESPEED 30
	*SCENE_TICKSPERFRAME 160
}
*MeshTM
{
*NODE_TM {
		*NODE_NAME "Object06"
		*INHERIT_POS 0 0 0
		*INHERIT_ROT 0 0 0
		*INHERIT_SCL 0 0 0
		*TM_ROW0 1.0466	0.0000	0.0000
		*TM_ROW1 0.0000	1.0882	0.0000
		*TM_ROW2 0.0000	0.0000	1.0882
		*TM_ROW3 -0.0004	-0.5566	2.8258
		*TM_POS -0.0004	-0.5566	2.8258
		*TM_ROTAXIS 0.0000	0.0000	0.0000
		*TM_ROTANGLE 0.0000
		*TM_SCALE 1.0466	1.0882	1.0882
		*TM_SCALEAXIS 0.0000	0.0000	0.0000
		*TM_SCALEAXISANG 0.0000
	}
*NODE_TM {
		*NODE_NAME "Object02"
		*INHERIT_POS 0 0 0
		*INHERIT_ROT 0 0 0
		*INHERIT_SCL 0 0 0
		*TM_ROW0 1.0000	0.0023	0.0000
		*TM_ROW1 -0.0023	1.0000	0.0000
		*TM_ROW2 0.0000	0.0000	1.0000
		*TM_ROW3 0.0449	0.0047	-1.8694
		*TM_POS 0.0449	0.0047	-1.8694
		*TM_ROTAXIS -0.0000	-0.0000	-1.0000
		*TM_ROTANGLE 0.0023
		*TM_SCALE 1.0000	1.0000	1.0000
		*TM_SCALEAXIS 0.0000	0.0000	0.0000
		*TM_SCALEAXISANG 0.0000
	}
*NODE_TM {
		*NODE_NAME "Object01"
		*INHERIT_POS 0 0 0
		*INHERIT_ROT 0 0 0
		*INHERIT_SCL 0 0 0
		*TM_ROW0 1.0000	-0.0000	-0.0000
		*TM_ROW1 0.0000	1.0000	0.0000
		*TM_ROW2 0.0000	-0.0000	1.0000
		*TM_ROW3 0.0507	0.0047	-1.8694
		*TM_POS 0.0507	0.0047	-1.8694
		*TM_ROTAXIS -0.0222	-0.1414	0.9897
		*TM_ROTANGLE 0.0000
		*TM_SCALE 1.0000	1.0000	1.0000
		*TM_SCALEAXIS 0.0000	0.0000	0.0000
		*TM_SCALEAXISANG 0.0000
	}
*NODE_TM {
		*NODE_NAME "Object03"
		*INHERIT_POS 0 0 0
		*INHERIT_ROT 0 0 0
		*INHERIT_SCL 0 0 0
		*TM_ROW0 0.9245	0.0000	0.0000
		*TM_ROW1 0.0000	1.0000	0.0000
		*TM_ROW2 0.0000	0.0000	1.0000
		*TM_ROW3 0.0449	0.0047	-1.8694
		*TM_POS 0.0449	0.0047	-1.8694
		*TM_ROTAXIS 0.0000	0.0000	0.0000
		*TM_ROTANGLE 0.0000
		*TM_SCALE 0.9245	1.0000	1.0000
		*TM_SCALEAXIS 0.0000	0.0000	0.0000
		*TM_SCALEAXISANG 0.0000
	}
*NODE_TM {
		*NODE_NAME "sword"
		*INHERIT_POS 0 0 0
		*INHERIT_ROT 0 0 0
		*INHERIT_SCL 0 0 0
		*TM_ROW0 1.0000	0.0000	0.0000
		*TM_ROW1 0.0000	-0.7071	0.7071
		*TM_ROW2 0.0000	-0.7071	-0.7071
		*TM_ROW3 -7.4822	0.0000	3.1929
		*TM_POS -7.4822	0.0000	3.1929
		*TM_ROTAXIS -1.0000	-0.0000	-0.0000
		*TM_ROTANGLE 2.3562
		*TM_SCALE 1.0000	1.0000	1.0000
		*TM_SCALEAXIS 0.0000	0.0000	0.0000
		*TM_SCALEAXISANG 0.0000
	}
*NODE_TM {
		*NODE_NAME "Object04"
		*INHERIT_POS 0 0 0
		*INHERIT_ROT 0 0 0
		*INHERIT_SCL 0 0 0
		*TM_ROW0 0.9245	0.0000	0.0000
		*TM_ROW1 0.0000	1.0000	0.0000
		*TM_ROW2 0.0000	0.0000	1.0000
		*TM_ROW3 0.0449	0.0047	-1.8694
		*TM_POS 0.0449	0.0047	-1.8694
		*TM_ROTAXIS 0.0000	0.0000	0.0000
		*TM_ROTANGLE 0.0000
		*TM_SCALE 0.9245	1.0000	1.0000
		*TM_SCALEAXIS 0.0000	0.0000	0.0000
		*TM_SCALEAXISANG 0.0000
	}
*NODE_TM {
		*NODE_NAME "Object05"
		*INHERIT_POS 0 0 0
		*INHERIT_ROT 0 0 0
		*INHERIT_SCL 0 0 0
		*TM_ROW0 0.9245	0.0000	0.0000
		*TM_ROW1 0.0000	1.0000	0.0000
		*TM_ROW2 0.0000	0.0000	1.0000
		*TM_ROW3 0.0449	0.0047	-1.8694
		*TM_POS 0.0449	0.0047	-1.8694
		*TM_ROTAXIS 0.0000	0.0000	0.0000
		*TM_ROTANGLE 0.0000
		*TM_SCALE 0.9245	1.0000	1.0000
		*TM_SCALEAXIS 0.0000	0.0000	0.0000
		*TM_SCALEAXISANG 0.0000
	}
*NODE_TM {
		*NODE_NAME "Object07"
		*INHERIT_POS 0 0 0
		*INHERIT_ROT 0 0 0
		*INHERIT_SCL 0 0 0
		*TM_ROW0 1.0000	0.0000	0.0000
		*TM_ROW1 0.0000	1.0000	0.0000
		*TM_ROW2 0.0000	0.0000	1.0000
		*TM_ROW3 0.0449	0.0047	-1.8694
		*TM_POS 0.0449	0.0047	-1.8694
		*TM_ROTAXIS 0.0000	0.0000	0.0000
		*TM_ROTANGLE 0.0000
		*TM_SCALE 1.0000	1.0000	1.0000
		*TM_SCALEAXIS 0.0000	0.0000	0.0000
		*TM_SCALEAXISANG 0.0000
	}
*NODE_TM {
		*NODE_NAME "Object08"
		*INHERIT_POS 0 0 0
		*INHERIT_ROT 0 0 0
		*INHERIT_SCL 0 0 0
		*TM_ROW0 1.0000	-0.0000	-0.0000
		*TM_ROW1 0.0000	1.0000	0.0000
		*TM_ROW2 0.0000	-0.0000	1.0000
		*TM_ROW3 0.0507	0.0047	-1.8694
		*TM_POS 0.0507	0.0047	-1.8694
		*TM_ROTAXIS -0.0222	-0.1414	0.9897
		*TM_ROTANGLE 0.0000
		*TM_SCALE 1.0000	1.0000	1.0000
		*TM_SCALEAXIS 0.0000	0.0000	0.0000
		*TM_SCALEAXISANG 0.0000
	}
*NODE_TM {
		*NODE_NAME "Object09"
		*INHERIT_POS 0 0 0
		*INHERIT_ROT 0 0 0
		*INHERIT_SCL 0 0 0
		*TM_ROW0 1.0000	-0.0000	-0.0000
		*TM_ROW1 0.0000	1.0000	0.0000
		*TM_ROW2 0.0000	-0.0000	1.0000
		*TM_ROW3 0.0507	0.0047	-1.8694
		*TM_POS 0.0507	0.0047	-1.8694
		*TM_ROTAXIS -0.0222	-0.1414	0.9897
		*TM_ROTANGLE 0.0000
		*TM_SCALE 1.0000	1.0000	1.0000
		*TM_SCALEAXIS 0.0000	0.0000	0.0000
		*TM_SCALEAXISANG 0.0000
	}
*NODE_TM {
		*NODE_NAME "Object01"
		*INHERIT_POS 0 0 0
		*INHERIT_ROT 0 0 0
		*INHERIT_SCL 0 0 0
		*TM_ROW0 1.0000	-0.0000	-0.0000
		*TM_ROW1 0.0000	1.0000	0.0000
		*TM_ROW2 0.0000	-0.0000	1.0000
		*TM_ROW3 0.0507	0.0047	-1.8694
		*TM_POS 0.0507	0.0047	-1.8694
		*TM_ROTAXIS -0.0222	-0.1414	0.9897
		*TM_ROTANGLE 0.0000
		*TM_SCALE 1.0000	1.0000	1.0000
		*TM_SCALEAXIS 0.0000	0.0000	0.0000
		*TM_SCALEAXISANG 0.0000
	}
}
*BipTM
{
*NODE_TM {
		*NODE_NAME "Bip01"
		*INHERIT_POS 0 0 0
		*INHERIT_ROT 0 0 0
		*INHERIT_SCL 1 1 1
		*TM_ROW0 0.0000	-0.9999	-0.0173
		*TM_ROW1 1.0000	0.0000	0.0000
		*TM_ROW2 0.0000	-0.0173	0.9999
		*TM_ROW3 -0.0019	0.6760	-0.3508
		*TM_POS -0.0019	0.6760	-0.3508
		*TM_ROTAXIS -0.0087	-0.0087	0.9999
		*TM_ROTANGLE 1.5709
		*TM_SCALE 1.0000	1.0000	1.0000
		*TM_SCALEAXIS 1.0000	0.0001	-0.0047
		*TM_SCALEAXISANG 0.0018
	}
*NODE_TM {
		*NODE_NAME "Bip01 Footsteps"
		*INHERIT_POS 1 1 1
		*INHERIT_ROT 1 1 1
		*INHERIT_SCL 1 1 1
		*TM_ROW0 1.0000	0.0000	0.0000
		*TM_ROW1 0.0000	1.0000	0.0000
		*TM_ROW2 0.0000	0.0000	1.0000
		*TM_ROW3 -0.0019	0.6760	-8.5214
		*TM_POS -0.0019	0.6760	-8.5214
		*TM_ROTAXIS 0.0000	0.0000	0.0000
		*TM_ROTANGLE 0.0000
		*TM_SCALE 1.0000	1.0000	1.0000
		*TM_SCALEAXIS 0.0000	0.0000	0.0000
		*TM_SCALEAXISANG 0.0000
	}
*NODE_TM {
		*NODE_NAME "Bip01 Pelvis"
		*INHERIT_POS 0 0 0
		*INHERIT_ROT 0 0 0
		*INHERIT_SCL 1 1 1
		*TM_ROW0 -0.1330	-0.1287	0.9827
		*TM_ROW1 0.6428	-0.7659	-0.0133
		*TM_ROW2 0.7544	0.6299	0.1846
		*TM_ROW3 -0.0019	0.6760	-0.3508
		*TM_POS -0.0019	0.6760	-0.3508
		*TM_ROTAXIS -0.6244	-0.2217	-0.7490
		*TM_ROTANGLE 3.6826
		*TM_SCALE 1.0000	1.0000	1.0000
		*TM_SCALEAXIS 0.0000	0.0000	0.0000
		*TM_SCALEAXISANG 0.0000
	}
*NODE_TM {
		*NODE_NAME "Bip01 Spine"
		*INHERIT_POS 0 0 0
		*INHERIT_ROT 0 0 0
		*INHERIT_SCL 1 1 1
		*TM_ROW0 -0.0232	-0.1252	0.9919
		*TM_ROW1 0.6413	-0.7629	-0.0813
		*TM_ROW2 0.7669	0.6342	0.0980
		*TM_ROW3 -0.0025	0.6624	0.4700
		*TM_POS -0.0025	0.6624	0.4700
		*TM_ROTAXIS -0.6672	-0.2098	-0.7147
		*TM_ROTANGLE 3.7076
		*TM_SCALE 1.0000	1.0000	1.0000
		*TM_SCALEAXIS -0.0000	0.9862	0.1654
		*TM_SCALEAXISANG 0.1423
	}
*NODE_TM {
		*NODE_NAME "Bip01 Spine1"
		*INHERIT_POS 0 0 0
		*INHERIT_ROT 0 0 0
		*INHERIT_SCL 1 1 1
		*TM_ROW0 -0.0770	-0.0795	0.9939
		*TM_ROW1 0.7612	-0.6484	0.0071
		*TM_ROW2 0.6439	0.7571	0.1104
		*TM_ROW3 -0.0290	0.5234	1.5760
		*TM_POS -0.0290	0.5234	1.5760
		*TM_ROTAXIS -0.6357	-0.2967	-0.7126
		*TM_ROTANGLE 3.7725
		*TM_SCALE 1.0000	1.0000	1.0000
		*TM_SCALEAXIS -0.9955	-0.0000	-0.0946
		*TM_SCALEAXISANG 0.7869
	}
*NODE_TM {
		*NODE_NAME "Bip01 Spine2"
		*INHERIT_POS 0 0 0
		*INHERIT_ROT 0 0 0
		*INHERIT_SCL 1 1 1
		*TM_ROW0 -0.1273	0.0521	0.9905
		*TM_ROW1 0.8477	-0.5128	0.1359
		*TM_ROW2 0.5150	0.8569	0.0212
		*TM_ROW3 -0.1156	0.4353	2.6840
		*TM_POS -0.1156	0.4353	2.6840
		*TM_ROTAXIS -0.6140	-0.4049	-0.6775
		*TM_ROTANGLE 3.7691
		*TM_SCALE 1.0000	1.0000	1.0000
		*TM_SCALEAXIS 0.9327	-0.1217	-0.3395
		*TM_SCALEAXISANG 0.8356
	}
*NODE_TM {
		*NODE_NAME "Bip01 Neck"
		*INHERIT_POS 0 0 0
		*INHERIT_ROT 0 0 0
		*INHERIT_SCL 1 1 1
		*TM_ROW0 -0.0882	0.0276	0.9957
		*TM_ROW1 -0.0453	-0.9987	0.0237
		*TM_ROW2 0.9951	-0.0430	0.0893
		*TM_ROW3 -0.3361	0.5314	4.2782
		*TM_POS -0.3361	0.5314	4.2782
		*TM_ROTAXIS -0.6750	0.0066	-0.7378
		*TM_ROTANGLE 3.0921
		*TM_SCALE 1.0000	1.0000	1.0000
		*TM_SCALEAXIS -0.7805	0.5238	-0.3414
		*TM_SCALEAXISANG 0.1511
	}
*NODE_TM {
		*NODE_NAME "Bip01 Head"
		*INHERIT_POS 0 0 0
		*INHERIT_ROT 0 0 0
		*INHERIT_SCL 1 1 1
		*TM_ROW0 0.0000	-0.1686	0.9857
		*TM_ROW1 -0.0000	-0.9857	-0.1686
		*TM_ROW2 1.0000	-0.0000	-0.0000
		*TM_ROW3 -0.3833	0.5462	4.8112
		*TM_POS -0.3833	0.5462	4.8112
		*TM_ROTAXIS -0.7058	0.0599	-0.7058
		*TM_ROTANGLE 3.2613
		*TM_SCALE 1.0000	1.0000	1.0000
		*TM_SCALEAXIS 0.1458	0.9893	0.0000
		*TM_SCALEAXISANG 0.0018
	}
*NODE_TM {
		*NODE_NAME "Bip01 Bone63"
		*INHERIT_POS 0 0 0
		*INHERIT_ROT 0 0 0
		*INHERIT_SCL 0 0 0
		*TM_ROW0 -0.0040	-0.5149	0.8572
		*TM_ROW1 -1.0000	0.0020	-0.0034
		*TM_ROW2 0.0000	-0.8572	-0.5149
		*TM_ROW3 -0.3788	-0.5515	7.1168
		*TM_POS -0.3788	-0.5515	7.1168
		*TM_ROTAXIS 0.6550	-0.6576	0.3721
		*TM_ROTANGLE 3.8515
		*TM_SCALE 1.0000	1.0000	1.0000
		*TM_SCALEAXIS 0.1083	0.9557	-0.2735
		*TM_SCALEAXISANG 0.4368
	}
*NODE_TM {
		*NODE_NAME "Bip01 Bone65"
		*INHERIT_POS 0 0 0
		*INHERIT_ROT 0 0 0
		*INHERIT_SCL 0 0 0
		*TM_ROW0 -0.0007	0.8308	1.2380
		*TM_ROW1 -1.0000	0.0015	-0.0055
		*TM_ROW2 -0.0037	-0.6531	0.9757
		*TM_ROW3 -0.3814	-0.8828	7.6683
		*TM_POS -0.3814	-0.8828	7.6683
		*TM_ROTAXIS -0.3642	0.3679	-0.8556
		*TM_ROTANGLE 1.7255
		*TM_SCALE 1.6089	1.0000	1.0063
		*TM_SCALEAXIS -0.0022	1.0000	0.0066
		*TM_SCALEAXISANG 0.5028
	}
*NODE_TM {
		*NODE_NAME "Bip01 Bone64"
		*INHERIT_POS 0 0 0
		*INHERIT_ROT 0 0 0
		*INHERIT_SCL 0 0 0
		*TM_ROW0 -0.0007	0.8308	1.2380
		*TM_ROW1 -1.0000	0.0015	-0.0055
		*TM_ROW2 -0.0037	-0.6531	0.9757
		*TM_ROW3 -0.3818	-0.3767	8.4225
		*TM_POS -0.3818	-0.3767	8.4225
		*TM_ROTAXIS -0.3642	0.3679	-0.8556
		*TM_ROTANGLE 1.7255
		*TM_SCALE 1.6089	1.0000	1.0063
		*TM_SCALEAXIS -0.0022	1.0000	0.0066
		*TM_SCALEAXISANG 0.5028
	}
*NODE_TM {
		*NODE_NAME "Bip01 Bone75"
		*INHERIT_POS 0 0 0
		*INHERIT_ROT 0 0 0
		*INHERIT_SCL 0 0 0
		*TM_ROW0 -0.0649	-0.2653	-1.3653
		*TM_ROW1 0.2787	-0.9787	0.0587
		*TM_ROW2 -1.3403	-0.4178	-0.2993
		*TM_ROW3 -1.4194	0.9346	5.3273
		*TM_POS -1.4194	0.9346	5.3273
		*TM_ROTAXIS -0.7326	-0.0581	0.6782
		*TM_ROTANGLE 2.8641
		*TM_SCALE 1.1915	1.0000	1.6182
		*TM_SCALEAXIS -0.0329	-0.9341	-0.3554
		*TM_SCALEAXISANG 0.8002
	}
*NODE_TM {
		*NODE_NAME "Bip01 Bone76"
		*INHERIT_POS 0 0 0
		*INHERIT_ROT 0 0 0
		*INHERIT_SCL 0 0 0
		*TM_ROW0 -0.1192	-0.0225	-0.9314
		*TM_ROW1 -0.3122	-1.0882	-0.3719
		*TM_ROW2 -1.1366	0.0199	0.3104
		*TM_ROW3 -1.4737	0.7127	4.1857
		*TM_POS -1.4737	0.7127	4.1857
		*TM_ROTAXIS 0.6319	0.0187	-0.7748
		*TM_ROTANGLE 2.9134
		*TM_SCALE 0.7679	1.3022	1.1855
		*TM_SCALEAXIS -0.5210	0.5706	0.6348
		*TM_SCALEAXISANG 0.7052
	}
*NODE_TM {
		*NODE_NAME "Bip01 Bone77"
		*INHERIT_POS 0 0 0
		*INHERIT_ROT 0 0 0
		*INHERIT_SCL 0 0 0
		*TM_ROW0 -0.0364	0.0026	-0.9406
		*TM_ROW1 -0.2772	-1.0885	-0.4023
		*TM_ROW2 -1.1512	-0.0158	0.2358
		*TM_ROW3 -1.6371	0.6819	2.9088
		*TM_POS -1.6371	0.6819	2.9088
		*TM_ROTAXIS 0.6587	0.0346	-0.7516
		*TM_ROTANGLE 2.9147
		*TM_SCALE 0.7679	1.3022	1.1855
		*TM_SCALEAXIS -0.5596	0.6089	0.5623
		*TM_SCALEAXISANG 0.7479
	}
*NODE_TM {
		*NODE_NAME "Bip01 Bone90"
		*INHERIT_POS 0 0 0
		*INHERIT_ROT 0 0 0
		*INHERIT_SCL 0 0 0
		*TM_ROW0 -0.0703	0.0094	-0.9301
		*TM_ROW1 -0.2376	-1.0873	-0.4175
		*TM_ROW2 -1.1585	-0.0537	0.2506
		*TM_ROW3 -1.6907	0.6857	1.5203
		*TM_POS -1.6907	0.6857	1.5203
		*TM_ROTAXIS 0.6481	0.0517	-0.7598
		*TM_ROTANGLE 2.9332
		*TM_SCALE 0.7679	1.3022	1.1855
		*TM_SCALEAXIS -0.5987	0.5589	0.5737
		*TM_SCALEAXISANG 0.7457
	}
*NODE_TM {
		*NODE_NAME "Bip01 Bone83"
		*INHERIT_POS 0 0 0
		*INHERIT_ROT 0 0 0
		*INHERIT_SCL 0 0 0
		*TM_ROW0 -0.0703	0.0094	-0.9301
		*TM_ROW1 -0.2376	-1.0873	-0.4175
		*TM_ROW2 -1.1585	-0.0537	0.2506
		*TM_ROW3 -1.7586	0.6948	0.6221
		*TM_POS -1.7586	0.6948	0.6221
		*TM_ROTAXIS 0.6481	0.0517	-0.7598
		*TM_ROTANGLE 2.9332
		*TM_SCALE 0.7679	1.3022	1.1855
		*TM_SCALEAXIS -0.5987	0.5589	0.5737
		*TM_SCALEAXISANG 0.7457
	}
*NODE_TM {
		*NODE_NAME "Bip01 Bone78"
		*INHERIT_POS 0 0 0
		*INHERIT_ROT 0 0 0
		*INHERIT_SCL 0 0 0
		*TM_ROW0 -0.2040	-0.4269	-0.8810
		*TM_ROW1 -0.7497	-0.5106	0.4211
		*TM_ROW2 -0.6295	0.7464	-0.2159
		*TM_ROW3 -0.9634	1.6592	5.4314
		*TM_POS -0.9634	1.6592	5.4314
		*TM_ROTAXIS -0.6224	0.4810	0.6175
		*TM_ROTANGLE 3.4060
		*TM_SCALE 1.0000	1.0000	1.0000
		*TM_SCALEAXIS 0.2087	-0.7842	0.5843
		*TM_SCALEAXISANG 0.9093
	}
*NODE_TM {
		*NODE_NAME "Bip01 Bone79"
		*INHERIT_POS 0 0 0
		*INHERIT_ROT 0 0 0
		*INHERIT_SCL 0 0 0
		*TM_ROW0 -0.0615	0.0139	-0.9980
		*TM_ROW1 -0.9025	-0.4278	0.0497
		*TM_ROW2 -0.4263	0.9038	0.0389
		*TM_ROW3 -1.2186	1.1252	4.3296
		*TM_POS -1.2186	1.1252	4.3296
		*TM_ROTAXIS 0.6202	-0.4152	-0.6655
		*TM_ROTANGLE 2.3822
		*TM_SCALE 1.0000	1.0000	1.0000
		*TM_SCALEAXIS -0.9513	-0.2341	0.2004
		*TM_SCALEAXISANG 0.6782
	}
*NODE_TM {
		*NODE_NAME "Bip01 Bone80"
		*INHERIT_POS 0 0 0
		*INHERIT_ROT 0 0 0
		*INHERIT_SCL 0 0 0
		*TM_ROW0 -0.0091	0.0921	-0.9773
		*TM_ROW1 -0.8985	-0.4451	-0.0433
		*TM_ROW2 -0.4487	0.8879	0.0955
		*TM_ROW3 -1.2965	1.1428	3.0658
		*TM_POS -1.2965	1.1428	3.0658
		*TM_ROTAXIS 0.6332	-0.3736	-0.6779
		*TM_ROTANGLE 2.3188
		*TM_SCALE 0.9798	1.0049	1.0000
		*TM_SCALEAXIS -0.5664	0.6336	0.5270
		*TM_SCALEAXISANG 0.3602
	}
*NODE_TM {
		*NODE_NAME "Bip01 Bone87"
		*INHERIT_POS 0 0 0
		*INHERIT_ROT 0 0 0
		*INHERIT_SCL 0 0 0
		*TM_ROW0 0.2509	-0.0117	-0.9800
		*TM_ROW1 -0.9523	-0.2863	-0.2042
		*TM_ROW2 -0.2614	0.9610	-0.0803
		*TM_ROW3 -1.3123	1.3021	1.3754
		*TM_POS -1.3123	1.3021	1.3754
		*TM_ROTAXIS -0.7132	0.4273	0.5556
		*TM_ROTANGLE 4.1142
		*TM_SCALE 0.9942	1.0314	1.0001
		*TM_SCALEAXIS -0.0745	0.5932	-0.8016
		*TM_SCALEAXISANG 0.9255
	}
*NODE_TM {
		*NODE_NAME "Bip01 Bone81"
		*INHERIT_POS 0 0 0
		*INHERIT_ROT 0 0 0
		*INHERIT_SCL 0 0 0
		*TM_ROW0 0.2509	-0.0117	-0.9800
		*TM_ROW1 -0.9523	-0.2863	-0.2042
		*TM_ROW2 -0.2614	0.9610	-0.0803
		*TM_ROW3 -1.0541	1.2901	0.3669
		*TM_POS -1.0541	1.2901	0.3669
		*TM_ROTAXIS -0.7132	0.4273	0.5556
		*TM_ROTANGLE 4.1142
		*TM_SCALE 0.9942	1.0314	1.0001
		*TM_SCALEAXIS -0.0745	0.5932	-0.8016
		*TM_SCALEAXISANG 0.9255
	}
*NODE_TM {
		*NODE_NAME "Bip01 Bone66"
		*INHERIT_POS 0 0 0
		*INHERIT_ROT 0 0 0
		*INHERIT_SCL 0 0 0
		*TM_ROW0 -0.2666	-0.2005	-0.9427
		*TM_ROW1 -0.9067	-0.2796	0.3159
		*TM_ROW2 -0.3270	0.9389	-0.1072
		*TM_ROW3 -0.4426	1.8899	5.5837
		*TM_POS -0.4426	1.8899	5.5837
		*TM_ROTAXIS 0.5537	-0.5473	-0.6276
		*TM_ROTANGLE 2.5441
		*TM_SCALE 1.0000	1.0000	1.0000
		*TM_SCALEAXIS -0.9286	-0.3157	-0.1949
		*TM_SCALEAXISANG 0.3591
	}
*NODE_TM {
		*NODE_NAME "Bip01 Bone84"
		*INHERIT_POS 0 0 0
		*INHERIT_ROT 0 0 0
		*INHERIT_SCL 0 0 0
		*TM_ROW0 -0.0723	0.0211	-0.9972
		*TM_ROW1 -0.8833	-0.4656	0.0542
		*TM_ROW2 -0.4631	0.8848	0.0523
		*TM_ROW3 -0.7774	1.6382	4.3998
		*TM_POS -0.7774	1.6382	4.3998
		*TM_ROTAXIS 0.6203	-0.3988	-0.6754
		*TM_ROTANGLE 2.4081
		*TM_SCALE 1.0000	1.0000	1.0000
		*TM_SCALEAXIS -0.6969	-0.5630	-0.4444
		*TM_SCALEAXISANG 0.6187
	}
*NODE_TM {
		*NODE_NAME "Bip01 Bone85"
		*INHERIT_POS 0 0 0
		*INHERIT_ROT 0 0 0
		*INHERIT_SCL 0 0 0
		*TM_ROW0 -0.0287	-0.0618	-0.9977
		*TM_ROW1 -0.8833	-0.4656	0.0542
		*TM_ROW2 -0.4679	0.8828	-0.0412
		*TM_ROW3 -0.8588	1.6618	3.2786
		*TM_POS -0.8588	1.6618	3.2786
		*TM_ROTAXIS -0.6466	0.4134	0.6411
		*TM_ROTANGLE 3.8371
		*TM_SCALE 1.0000	1.0000	1.0000
		*TM_SCALEAXIS -0.2191	-0.4929	0.8420
		*TM_SCALEAXISANG 0.8976
	}
*NODE_TM {
		*NODE_NAME "Bip01 Bone88"
		*INHERIT_POS 0 0 0
		*INHERIT_ROT 0 0 0
		*INHERIT_SCL 0 0 0
		*TM_ROW0 0.0934	-0.2882	-0.9530
		*TM_ROW1 -0.8833	-0.4656	0.0542
		*TM_ROW2 -0.4593	0.8368	-0.2980
		*TM_ROW3 -0.9068	1.5583	1.6070
		*TM_POS -0.9068	1.5583	1.6070
		*TM_ROTAXIS -0.7113	0.4487	0.5410
		*TM_ROTANGLE 3.7240
		*TM_SCALE 1.0000	1.0000	1.0000
		*TM_SCALEAXIS 0.9439	0.1319	-0.3027
		*TM_SCALEAXISANG 0.7612
	}
*NODE_TM {
		*NODE_NAME "Bip01 Bone67"
		*INHERIT_POS 0 0 0
		*INHERIT_ROT 0 0 0
		*INHERIT_SCL 0 0 0
		*TM_ROW0 0.0934	-0.2882	-0.9530
		*TM_ROW1 -0.8833	-0.4656	0.0542
		*TM_ROW2 -0.4593	0.8368	-0.2980
		*TM_ROW3 -0.8168	1.2804	0.6881
		*TM_POS -0.8168	1.2804	0.6881
		*TM_ROTAXIS -0.7113	0.4487	0.5410
		*TM_ROTANGLE 3.7240
		*TM_SCALE 1.0000	1.0000	1.0000
		*TM_SCALEAXIS 0.9439	0.1319	-0.3027
		*TM_SCALEAXISANG 0.7612
	}
*NODE_TM {
		*NODE_NAME "Bip01 Bone68"
		*INHERIT_POS 0 0 0
		*INHERIT_ROT 0 0 0
		*INHERIT_SCL 0 0 0
		*TM_ROW0 -0.3068	0.0897	-0.9475
		*TM_ROW1 -0.9464	-0.1340	0.2938
		*TM_ROW2 -0.1006	0.9869	0.1260
		*TM_ROW3 0.2212	1.7511	5.5252
		*TM_POS 0.2212	1.7511	5.5252
		*TM_ROTAXIS 0.4599	-0.5619	-0.6875
		*TM_ROTANGLE 2.2882
		*TM_SCALE 1.0000	1.0000	1.0000
		*TM_SCALEAXIS -0.6403	0.5383	-0.5480
		*TM_SCALEAXISANG 0.1469
	}
*NODE_TM {
		*NODE_NAME "Bip01 Bone69"
		*INHERIT_POS 0 0 0
		*INHERIT_ROT 0 0 0
		*INHERIT_SCL 0 0 0
		*TM_ROW0 -0.0441	0.0989	-0.9941
		*TM_ROW1 -0.2078	-0.9742	-0.0877
		*TM_ROW2 -0.9772	0.2027	0.0635
		*TM_ROW3 -0.1643	1.8639	4.3344
		*TM_POS -0.1643	1.8639	4.3344
		*TM_ROTAXIS 0.6870	-0.0401	-0.7255
		*TM_ROTANGLE 2.9286
		*TM_SCALE 1.0000	1.0000	1.0000
		*TM_SCALEAXIS 0.5962	0.7900	0.1430
		*TM_SCALEAXISANG 0.5064
	}
*NODE_TM {
		*NODE_NAME "Bip01 Bone70"
		*INHERIT_POS 0 0 0
		*INHERIT_ROT 0 0 0
		*INHERIT_SCL 0 0 0
		*TM_ROW0 0.0295	-0.0936	-0.9784
		*TM_ROW1 -0.3304	-0.9266	0.1056
		*TM_ROW2 -0.9433	0.3232	-0.0661
		*TM_ROW3 -0.2209	1.9907	3.0597
		*TM_POS -0.2209	1.9907	3.0597
		*TM_ROTAXIS -0.7149	0.1549	0.6818
		*TM_ROTANGLE 3.3051
		*TM_SCALE 0.9719	1.0000	1.0000
		*TM_SCALEAXIS -0.4009	-0.3578	-0.8434
		*TM_SCALEAXISANG 0.7546
	}
*NODE_TM {
		*NODE_NAME "Bip01 Bone86"
		*INHERIT_POS 0 0 0
		*INHERIT_ROT 0 0 0
		*INHERIT_SCL 0 0 0
		*TM_ROW0 0.0976	0.0574	-1.0891
		*TM_ROW1 -0.5201	-0.8855	-0.2300
		*TM_ROW2 -0.8506	0.5279	-0.0194
		*TM_ROW3 -0.1713	1.8334	1.4148
		*TM_POS -0.1713	1.8334	1.4148
		*TM_ROTAXIS -0.7267	0.1449	0.6715
		*TM_ROTANGLE 3.6245
		*TM_SCALE 1.1461	0.9978	1.0000
		*TM_SCALEAXIS 0.7447	0.1203	-0.6565
		*TM_SCALEAXISANG 0.9900
	}
*NODE_TM {
		*NODE_NAME "Bip01 Bone71"
		*INHERIT_POS 0 0 0
		*INHERIT_ROT 0 0 0
		*INHERIT_SCL 0 0 0
		*TM_ROW0 0.0976	0.0574	-1.0891
		*TM_ROW1 -0.5201	-0.8855	-0.2300
		*TM_ROW2 -0.8506	0.5279	-0.0194
		*TM_ROW3 -0.0696	1.8932	0.2799
		*TM_POS -0.0696	1.8932	0.2799
		*TM_ROTAXIS -0.7267	0.1449	0.6715
		*TM_ROTANGLE 3.6245
		*TM_SCALE 1.1461	0.9978	1.0000
		*TM_SCALEAXIS 0.7447	0.1202	-0.6565
		*TM_SCALEAXISANG 0.9900
	}
*NODE_TM {
		*NODE_NAME "Bip01 Bone100"
		*INHERIT_POS 0 0 0
		*INHERIT_ROT 0 0 0
		*INHERIT_SCL 0 0 0
		*TM_ROW0 0.2023	0.0170	-0.9792
		*TM_ROW1 0.9793	-0.0035	0.2023
		*TM_ROW2 0.0000	-0.9999	-0.0173
		*TM_ROW3 0.1732	-0.9091	6.3609
		*TM_POS 0.1732	-0.9091	6.3609
		*TM_ROTAXIS -0.6588	-0.5366	0.5274
		*TM_ROTANGLE 1.9924
		*TM_SCALE 1.0000	1.0000	1.0000
		*TM_SCALEAXIS -0.2028	-0.1334	-0.9701
		*TM_SCALEAXISANG 0.0879
	}
*NODE_TM {
		*NODE_NAME "Bip01 Bone101"
		*INHERIT_POS 0 0 0
		*INHERIT_ROT 0 0 0
		*INHERIT_SCL 0 0 0
		*TM_ROW0 -0.1630	0.2069	-0.9647
		*TM_ROW1 0.9866	0.0342	-0.1594
		*TM_ROW2 0.0000	-0.9778	-0.2097
		*TM_ROW3 0.2625	-0.9016	5.9285
		*TM_POS 0.2625	-0.9016	5.9285
		*TM_ROTAXIS -0.5507	-0.6492	0.5247
		*TM_ROTANGLE 2.3040
		*TM_SCALE 1.0000	1.0000	1.0000
		*TM_SCALEAXIS -0.2325	0.9726	0.0000
		*TM_SCALEAXISANG 0.2060
	}
*NODE_TM {
		*NODE_NAME "Bip01 Bone102"
		*INHERIT_POS 0 0 0
		*INHERIT_ROT 0 0 0
		*INHERIT_SCL 0 0 0
		*TM_ROW0 -0.1630	0.2069	-0.9647
		*TM_ROW1 0.9866	0.0342	-0.1594
		*TM_ROW2 0.0000	-0.9778	-0.2097
		*TM_ROW3 0.1946	-0.8154	5.5266
		*TM_POS 0.1946	-0.8154	5.5266
		*TM_ROTAXIS -0.5507	-0.6492	0.5247
		*TM_ROTANGLE 2.3040
		*TM_SCALE 1.0000	1.0000	1.0000
		*TM_SCALEAXIS -0.2325	0.9726	0.0000
		*TM_SCALEAXISANG 0.2060
	}
*NODE_TM {
		*NODE_NAME "Bip01 Bone97"
		*INHERIT_POS 0 0 0
		*INHERIT_ROT 0 0 0
		*INHERIT_SCL 0 0 0
		*TM_ROW0 0.0075	0.0194	-0.9998
		*TM_ROW1 1.0000	-0.0001	0.0075
		*TM_ROW2 0.0000	-0.9998	-0.0194
		*TM_ROW3 -0.3876	-1.0121	6.3014
		*TM_POS -0.3876	-1.0121	6.3014
		*TM_ROTAXIS -0.5839	-0.5796	0.5684
		*TM_ROTANGLE 2.1013
		*TM_SCALE 1.0000	1.0000	1.0000
		*TM_SCALEAXIS -0.0549	0.9964	0.0649
		*TM_SCALEAXISANG 0.0481
	}
*NODE_TM {
		*NODE_NAME "Bip01 Bone98"
		*INHERIT_POS 0 0 0
		*INHERIT_ROT 0 0 0
		*INHERIT_SCL 0 0 0
		*TM_ROW0 -0.0000	0.2299	-0.9732
		*TM_ROW1 1.0000	0.0000	-0.0000
		*TM_ROW2 0.0000	-0.9732	-0.2299
		*TM_ROW3 -0.3840	-1.0029	5.8262
		*TM_POS -0.3840	-1.0029	5.8262
		*TM_ROTAXIS -0.6171	-0.6171	0.4883
		*TM_ROTANGLE 2.2331
		*TM_SCALE 1.0000	1.0000	1.0000
		*TM_SCALEAXIS -0.0089	0.9999	-0.0086
		*TM_SCALEAXISANG 0.2658
	}
*NODE_TM {
		*NODE_NAME "Bip01 Bone99"
		*INHERIT_POS 0 0 0
		*INHERIT_ROT 0 0 0
		*INHERIT_SCL 0 0 0
		*TM_ROW0 -0.0000	0.2299	-0.9732
		*TM_ROW1 1.0000	0.0000	-0.0000
		*TM_ROW2 0.0000	-0.9732	-0.2299
		*TM_ROW3 -0.3840	-0.9027	5.4018
		*TM_POS -0.3840	-0.9027	5.4018
		*TM_ROTAXIS -0.6171	-0.6171	0.4883
		*TM_ROTANGLE 2.2331
		*TM_SCALE 1.0000	1.0000	1.0000
		*TM_SCALEAXIS -0.0089	0.9999	-0.0086
		*TM_SCALEAXISANG 0.2658
	}
*NODE_TM {
		*NODE_NAME "Bip01 Bone103"
		*INHERIT_POS 0 0 0
		*INHERIT_ROT 0 0 0
		*INHERIT_SCL 0 0 0
		*TM_ROW0 -0.2320	0.0168	-0.9726
		*TM_ROW1 0.9727	0.0040	-0.2319
		*TM_ROW2 -0.0000	-0.9999	-0.0173
		*TM_ROW3 -0.8991	-0.9091	6.3609
		*TM_POS -0.8991	-0.9091	6.3609
		*TM_ROTAXIS -0.4907	-0.6214	0.6108
		*TM_ROTANGLE 2.2429
		*TM_SCALE 1.0000	1.0000	1.0000
		*TM_SCALEAXIS -0.5670	-0.0840	-0.8194
		*TM_SCALEAXISANG 0.2628
	}
*NODE_TM {
		*NODE_NAME "Bip01 Bone104"
		*INHERIT_POS 0 0 0
		*INHERIT_ROT 0 0 0
		*INHERIT_SCL 0 0 0
		*TM_ROW0 0.1401	0.2149	-0.9665
		*TM_ROW1 0.9901	-0.0304	0.1367
		*TM_ROW2 -0.0000	-0.9762	-0.2170
		*TM_ROW3 -1.0099	-0.9011	5.8963
		*TM_POS -1.0099	-0.9011	5.8963
		*TM_ROTAXIS -0.6682	-0.5803	0.4655
		*TM_ROTANGLE 2.1576
		*TM_SCALE 1.0000	1.0000	1.0000
		*TM_SCALEAXIS -0.1913	-0.8564	0.4795
		*TM_SCALEAXISANG 0.5082
	}
*NODE_TM {
		*NODE_NAME "Bip01 Bone105"
		*INHERIT_POS 0 0 0
		*INHERIT_ROT 0 0 0
		*INHERIT_SCL 0 0 0
		*TM_ROW0 0.1401	0.2149	-0.9665
		*TM_ROW1 0.9901	-0.0304	0.1367
		*TM_ROW2 -0.0000	-0.9762	-0.2170
		*TM_ROW3 -0.9563	-0.8188	5.5265
		*TM_POS -0.9563	-0.8188	5.5265
		*TM_ROTAXIS -0.6682	-0.5803	0.4655
		*TM_ROTANGLE 2.1576
		*TM_SCALE 1.0000	1.0000	1.0000
		*TM_SCALEAXIS -0.1913	-0.8564	0.4795
		*TM_SCALEAXISANG 0.5082
	}
*NODE_TM {
		*NODE_NAME "Bip01 Bone72"
		*INHERIT_POS 0 0 0
		*INHERIT_ROT 0 0 0
		*INHERIT_SCL 0 0 0
		*TM_ROW0 -0.4511	1.0296	-0.8351
		*TM_ROW1 -0.1842	0.5098	0.8523
		*TM_ROW2 1.3050	0.3806	-0.0242
		*TM_ROW3 0.6480	1.0069	5.1148
		*TM_POS 0.6480	1.0069	5.1148
		*TM_ROTAXIS -0.2653	-0.8205	-0.5064
		*TM_ROTANGLE 1.9623
		*TM_SCALE 1.4464	1.0000	1.3182
		*TM_SCALEAXIS -0.2203	-0.9651	0.1418
		*TM_SCALEAXISANG 0.6356
	}
*NODE_TM {
		*NODE_NAME "Bip01 Bone73"
		*INHERIT_POS 0 0 0
		*INHERIT_ROT 0 0 0
		*INHERIT_SCL 0 0 0
		*TM_ROW0 -0.2482	0.0435	-0.8994
		*TM_ROW1 -0.9013	-0.8876	0.2313
		*TM_ROW2 -0.9638	0.7426	0.1070
		*TM_ROW3 0.2581	1.8968	4.3931
		*TM_POS 0.2581	1.8968	4.3931
		*TM_ROTAXIS 0.6034	-0.2935	-0.7415
		*TM_ROTANGLE 2.7043
		*TM_SCALE 0.9042	1.3521	1.1714
		*TM_SCALEAXIS -0.9019	-0.4318	-0.0111
		*TM_SCALEAXISANG 0.7270
	}
*NODE_TM {
		*NODE_NAME "Bip01 Bone82"
		*INHERIT_POS 0 0 0
		*INHERIT_ROT 0 0 0
		*INHERIT_SCL 0 0 0
		*TM_ROW0 0.2860	-0.0208	-0.9223
		*TM_ROW1 -1.0068	-0.7879	0.0054
		*TM_ROW2 -0.8416	0.8487	-0.2096
		*TM_ROW3 -0.0760	1.9554	3.1826
		*TM_POS -0.0760	1.9554	3.1826
		*TM_ROTAXIS -0.7461	0.3016	0.5936
		*TM_ROTANGLE 3.7217
		*TM_SCALE 0.9148	1.3529	1.1715
		*TM_SCALEAXIS -0.8207	-0.1284	-0.5568
		*TM_SCALEAXISANG 0.5879
	}
*NODE_TM {
		*NODE_NAME "Bip01 Bone89"
		*INHERIT_POS 0 0 0
		*INHERIT_ROT 0 0 0
		*INHERIT_SCL 0 0 0
		*TM_ROW0 0.2303	-0.2210	-1.0691
		*TM_ROW1 -1.2908	-0.3362	-0.0114
		*TM_ROW2 -0.2854	1.0892	-0.4351
		*TM_ROW3 0.3828	1.9220	1.7031
		*TM_POS 0.3828	1.9220	1.7031
		*TM_ROTAXIS -0.7095	0.5077	0.4887
		*TM_ROTANGLE 3.9135
		*TM_SCALE 1.0514	1.3631	1.2320
		*TM_SCALEAXIS 0.3564	-0.7111	-0.6060
		*TM_SCALEAXISANG 0.5447
	}
*NODE_TM {
		*NODE_NAME "Bip01 Bone74"
		*INHERIT_POS 0 0 0
		*INHERIT_ROT 0 0 0
		*INHERIT_SCL 0 0 0
		*TM_ROW0 0.2303	-0.2210	-1.0691
		*TM_ROW1 -1.2908	-0.3362	-0.0114
		*TM_ROW2 -0.2854	1.0892	-0.4351
		*TM_ROW3 0.5726	1.7398	0.8217
		*TM_POS 0.5726	1.7398	0.8217
		*TM_ROTAXIS -0.7095	0.5077	0.4887
		*TM_ROTANGLE 3.9135
		*TM_SCALE 1.0513	1.3631	1.2320
		*TM_SCALEAXIS 0.3564	-0.7111	-0.6060
		*TM_SCALEAXISANG 0.5447
	}
*NODE_TM {
		*NODE_NAME "Bip01 Bone94"
		*INHERIT_POS 0 0 0
		*INHERIT_ROT 0 0 0
		*INHERIT_SCL 0 0 0
		*TM_ROW0 -0.0436	-0.0243	-0.9988
		*TM_ROW1 -0.0018	0.9997	-0.0243
		*TM_ROW2 0.9990	0.0008	-0.0436
		*TM_ROW3 0.6960	-0.1050	5.7677
		*TM_POS 0.6960	-0.1050	5.7677
		*TM_ROTAXIS 0.0125	-0.9999	0.0113
		*TM_ROTANGLE 1.6146
		*TM_SCALE 1.0000	1.0000	1.0000
		*TM_SCALEAXIS 0.0173	0.0003	-0.9998
		*TM_SCALEAXISANG 0.4294
	}
*NODE_TM {
		*NODE_NAME "Bip01 Bone95"
		*INHERIT_POS 0 0 0
		*INHERIT_ROT 0 0 0
		*INHERIT_SCL 0 0 0
		*TM_ROW0 -0.1878	-0.1983	-0.9620
		*TM_ROW1 -0.0413	0.9801	-0.1940
		*TM_ROW2 0.9813	0.0033	-0.1922
		*TM_ROW3 0.6549	-0.1280	4.8245
		*TM_POS 0.6549	-0.1280	4.8245
		*TM_ROTAXIS 0.1007	-0.9917	0.0801
		*TM_ROTANGLE 1.7721
		*TM_SCALE 1.0000	1.0000	1.0000
		*TM_SCALEAXIS 0.0098	0.1681	-0.9857
		*TM_SCALEAXISANG 0.4628
	}
*NODE_TM {
		*NODE_NAME "Bip01 Bone96"
		*INHERIT_POS 0 0 0
		*INHERIT_ROT 0 0 0
		*INHERIT_SCL 0 0 0
		*TM_ROW0 -0.1878	-0.1983	-0.9620
		*TM_ROW1 -0.0413	0.9801	-0.1940
		*TM_ROW2 0.9813	0.0033	-0.1922
		*TM_ROW3 0.5251	-0.2651	4.1597
		*TM_POS 0.5251	-0.2651	4.1597
		*TM_ROTAXIS 0.1007	-0.9917	0.0801
		*TM_ROTANGLE 1.7721
		*TM_SCALE 1.0000	1.0000	1.0000
		*TM_SCALEAXIS 0.0098	0.1681	-0.9857
		*TM_SCALEAXISANG 0.4628
	}
*NODE_TM {
		*NODE_NAME "Bip01 Bone91"
		*INHERIT_POS 0 0 0
		*INHERIT_ROT 0 0 0
		*INHERIT_SCL 0 0 0
		*TM_ROW0 0.0496	-0.0243	-0.9985
		*TM_ROW1 -0.0021	-0.9997	0.0243
		*TM_ROW2 -0.9988	0.0009	-0.0496
		*TM_ROW3 -1.4635	-0.1042	5.7535
		*TM_POS -1.4635	-0.1042	5.7535
		*TM_ROTAXIS -0.7244	0.0091	0.6893
		*TM_ROTANGLE 3.1254
		*TM_SCALE 1.0000	1.0000	1.0000
		*TM_SCALEAXIS 0.9890	0.0748	0.1273
		*TM_SCALEAXISANG 0.7906
	}
*NODE_TM {
		*NODE_NAME "Bip01 Bone92"
		*INHERIT_POS 0 0 0
		*INHERIT_ROT 0 0 0
		*INHERIT_SCL 0 0 0
		*TM_ROW0 0.1930	-0.1917	-0.9623
		*TM_ROW1 -0.0411	-0.9815	0.1872
		*TM_ROW2 -0.9803	0.0034	-0.1973
		*TM_ROW3 -1.4174	-0.1268	4.8261
		*TM_POS -1.4174	-0.1268	4.8261
		*TM_ROTAXIS -0.7714	0.0757	0.6318
		*TM_ROTANGLE 3.0222
		*TM_SCALE 1.0000	1.0000	1.0000
		*TM_SCALEAXIS -0.6291	0.6975	0.3430
		*TM_SCALEAXISANG 0.6678
	}
*NODE_TM {
		*NODE_NAME "Bip01 Bone93"
		*INHERIT_POS 0 0 0
		*INHERIT_ROT 0 0 0
		*INHERIT_SCL 0 0 0
		*TM_ROW0 0.1930	-0.1917	-0.9623
		*TM_ROW1 -0.0411	-0.9815	0.1872
		*TM_ROW2 -0.9803	0.0034	-0.1973
		*TM_ROW3 -1.2800	-0.2632	4.1413
		*TM_POS -1.2800	-0.2632	4.1413
		*TM_ROTAXIS -0.7714	0.0757	0.6318
		*TM_ROTANGLE 3.0222
		*TM_SCALE 1.0000	1.0000	1.0000
		*TM_SCALEAXIS -0.6291	0.6975	0.3430
		*TM_SCALEAXISANG 0.6678
	}
*NODE_TM {
		*NODE_NAME "Bip01 L Clavicle"
		*INHERIT_POS 0 0 0
		*INHERIT_ROT 0 0 0
		*INHERIT_SCL 1 1 1
		*TM_ROW0 0.5150	0.8569	0.0212
		*TM_ROW1 -0.8476	0.5128	-0.1367
		*TM_ROW2 -0.1280	0.0525	0.9904
		*TM_ROW3 -0.1427	0.6757	3.7603
		*TM_POS -0.1427	0.6757	3.7603
		*TM_ROTAXIS 0.1099	0.0867	-0.9902
		*TM_ROTANGLE 1.0366
		*TM_SCALE 1.0000	1.0000	1.0000
		*TM_SCALEAXIS -0.2547	-0.0973	0.9621
		*TM_SCALEAXISANG 0.8130
	}
*NODE_TM {
		*NODE_NAME "Bip01 L UpperArm"
		*INHERIT_POS 0 0 0
		*INHERIT_ROT 0 0 0
		*INHERIT_SCL 1 1 1
		*TM_ROW0 0.4819	0.0833	-0.8723
		*TM_ROW1 0.0009	0.9954	0.0955
		*TM_ROW2 0.8762	-0.0468	0.4796
		*TM_ROW3 0.3352	1.4708	3.7800
		*TM_POS 0.3352	1.4708	3.7800
		*TM_ROTAXIS -0.0810	-0.9956	-0.0469
		*TM_ROTANGLE 1.0719
		*TM_SCALE 1.0000	1.0000	1.0000
		*TM_SCALEAXIS -0.0000	0.9999	0.0149
		*TM_SCALEAXISANG 0.7850
	}
*NODE_TM {
		*NODE_NAME "Bip01 L Forearm"
		*INHERIT_POS 0 0 0
		*INHERIT_ROT 0 0 0
		*INHERIT_SCL 1 1 1
		*TM_ROW0 0.1911	-0.8800	-0.4349
		*TM_ROW1 0.4424	0.4727	-0.7621
		*TM_ROW2 0.8762	-0.0468	0.4796
		*TM_ROW3 1.1807	1.6169	2.2493
		*TM_POS 1.1807	1.6169	2.2493
		*TM_ROTAXIS 0.3586	-0.6573	0.6629
		*TM_ROTANGLE 1.4990
		*TM_SCALE 1.0000	1.0000	1.0000
		*TM_SCALEAXIS 0.9899	0.1414	-0.0000
		*TM_SCALEAXISANG 0.2481
	}
*NODE_TM {
		*NODE_NAME "Bip01 L Hand"
		*INHERIT_POS 0 0 0
		*INHERIT_ROT 0 0 0
		*INHERIT_SCL 1 1 1
		*TM_ROW0 0.0352	-0.8583	-0.5119
		*TM_ROW1 -0.8958	0.2000	-0.3969
		*TM_ROW2 0.4431	0.4726	-0.7618
		*TM_ROW3 1.5243	0.0348	1.4674
		*TM_POS 1.5243	0.0348	1.4674
		*TM_ROTAXIS 0.6729	-0.7391	-0.0290
		*TM_ROTANGLE 2.4392
		*TM_SCALE 1.0000	1.0000	1.0000
		*TM_SCALEAXIS -0.0000	-0.3544	0.9351
		*TM_SCALEAXISANG 0.0320
	}
*NODE_TM {
		*NODE_NAME "Bip01 L Finger0"
		*INHERIT_POS 0 0 0
		*INHERIT_ROT 0 0 0
		*INHERIT_SCL 1 1 1
		*TM_ROW0 -0.4826	-0.8750	-0.0387
		*TM_ROW1 0.3052	-0.1266	-0.9438
		*TM_ROW2 0.8209	-0.4673	0.3282
		*TM_ROW3 1.3406	-0.3814	1.4891
		*TM_POS 1.3406	-0.3814	1.4891
		*TM_ROTAXIS -0.3103	0.5597	-0.7684
		*TM_ROTANGLE 4.0172
		*TM_SCALE 1.0000	1.0000	1.0000
		*TM_SCALEAXIS 0.5894	0.2718	-0.7607
		*TM_SCALEAXISANG 0.9815
	}
*NODE_TM {
		*NODE_NAME "Bip01 L Finger01"
		*INHERIT_POS 0 0 0
		*INHERIT_ROT 0 0 0
		*INHERIT_SCL 1 1 1
		*TM_ROW0 -0.3695	-0.8729	-0.3186
		*TM_ROW1 0.4353	0.1403	-0.8893
		*TM_ROW2 0.8209	-0.4673	0.3282
		*TM_ROW3 1.2329	-0.5766	1.4805
		*TM_POS 1.2329	-0.5766	1.4805
		*TM_ROTAXIS 0.2363	-0.6382	0.7327
		*TM_ROTANGLE 2.0382
		*TM_SCALE 1.0000	1.0000	1.0000
		*TM_SCALEAXIS -0.8517	0.0034	-0.5241
		*TM_SCALEAXISANG 0.7007
	}
*NODE_TM {
		*NODE_NAME "Bip01 L Finger02"
		*INHERIT_POS 0 0 0
		*INHERIT_ROT 0 0 0
		*INHERIT_SCL 1 1 1
		*TM_ROW0 -0.3695	-0.8729	-0.3186
		*TM_ROW1 0.4353	0.1403	-0.8893
		*TM_ROW2 0.8209	-0.4673	0.3282
		*TM_ROW3 1.1505	-0.7713	1.4094
		*TM_POS 1.1505	-0.7713	1.4094
		*TM_ROTAXIS 0.2363	-0.6382	0.7327
		*TM_ROTANGLE 2.0382
		*TM_SCALE 1.0000	1.0000	1.0000
		*TM_SCALEAXIS -0.8517	0.0034	-0.5241
		*TM_SCALEAXISANG 0.7007
	}
*NODE_TM {
		*NODE_NAME "Bip01 L Finger1"
		*INHERIT_POS 0 0 0
		*INHERIT_ROT 0 0 0
		*INHERIT_SCL 1 1 1
		*TM_ROW0 0.0352	-0.8583	-0.5119
		*TM_ROW1 -0.8961	0.1996	-0.3963
		*TM_ROW2 0.4424	0.4727	-0.7621
		*TM_ROW3 1.5509	-0.6139	1.0804
		*TM_POS 1.5509	-0.6139	1.0804
		*TM_ROTAXIS 0.6730	-0.7390	-0.0293
		*TM_ROTANGLE 2.4397
		*TM_SCALE 1.0000	1.0000	1.0000
		*TM_SCALEAXIS 0.9683	0.2480	-0.0283
		*TM_SCALEAXISANG 0.2728
	}
*NODE_TM {
		*NODE_NAME "Bip01 L Finger11"
		*INHERIT_POS 0 0 0
		*INHERIT_ROT 0 0 0
		*INHERIT_SCL 1 1 1
		*TM_ROW0 0.0352	-0.8583	-0.5119
		*TM_ROW1 -0.8961	0.1996	-0.3963
		*TM_ROW2 0.4424	0.4727	-0.7621
		*TM_ROW3 1.5587	-0.8054	0.9663
		*TM_POS 1.5587	-0.8054	0.9663
		*TM_ROTAXIS 0.6730	-0.7390	-0.0293
		*TM_ROTANGLE 2.4397
		*TM_SCALE 1.0000	1.0000	1.0000
		*TM_SCALEAXIS 0.9683	0.2480	-0.0283
		*TM_SCALEAXISANG 0.2728
	}
*NODE_TM {
		*NODE_NAME "Bip01 L Finger12"
		*INHERIT_POS 0 0 0
		*INHERIT_ROT 0 0 0
		*INHERIT_SCL 1 1 1
		*TM_ROW0 0.0352	-0.8583	-0.5119
		*TM_ROW1 -0.8961	0.1996	-0.3963
		*TM_ROW2 0.4424	0.4727	-0.7621
		*TM_ROW3 1.5666	-0.9968	0.8521
		*TM_POS 1.5666	-0.9968	0.8521
		*TM_ROTAXIS 0.6730	-0.7390	-0.0293
		*TM_ROTANGLE 2.4397
		*TM_SCALE 1.0000	1.0000	1.0000
		*TM_SCALEAXIS 0.9683	0.2480	-0.0283
		*TM_SCALEAXISANG 0.2728
	}
*NODE_TM {
		*NODE_NAME "Bip01 R Clavicle"
		*INHERIT_POS 0 0 0
		*INHERIT_ROT 0 0 0
		*INHERIT_SCL 1 1 1
		*TM_ROW0 -0.5150	-0.8569	-0.0212
		*TM_ROW1 -0.8476	0.5128	-0.1367
		*TM_ROW2 0.1280	-0.0525	-0.9904
		*TM_ROW3 -0.3640	0.3075	3.7512
		*TM_POS -0.3640	0.3075	3.7512
		*TM_ROTAXIS 0.4910	-0.8695	0.0545
		*TM_ROTANGLE 3.0557
		*TM_SCALE 1.0000	1.0000	1.0000
		*TM_SCALEAXIS 0.2678	-0.1108	-0.9571
		*TM_SCALEAXISANG 0.8169
	}
*NODE_TM {
		*NODE_NAME "Bip01 R UpperArm"
		*INHERIT_POS 0 0 0
		*INHERIT_ROT 0 0 0
		*INHERIT_SCL 1 1 1
		*TM_ROW0 0.0344	-0.3079	-0.9508
		*TM_ROW1 -0.0953	0.9460	-0.3098
		*TM_ROW2 0.9949	0.1013	0.0032
		*TM_ROW3 -0.8419	-0.4876	3.7316
		*TM_POS -0.8419	-0.4876	3.7316
		*TM_ROTAXIS 0.2056	-0.9729	0.1063
		*TM_ROTANGLE 1.5790
		*TM_SCALE 1.0000	1.0000	1.0000
		*TM_SCALEAXIS 0.0000	0.0000	0.0000
		*TM_SCALEAXISANG 0.0000
	}
*NODE_TM {
		*NODE_NAME "Bip01 R Forearm"
		*INHERIT_POS 0 0 0
		*INHERIT_ROT 0 0 0
		*INHERIT_SCL 1 1 1
		*TM_ROW0 0.0689	-0.6528	-0.7544
		*TM_ROW1 -0.0743	0.7507	-0.6564
		*TM_ROW2 0.9949	0.1013	0.0032
		*TM_ROW3 -0.7815	-1.0279	2.0632
		*TM_POS -0.7815	-1.0279	2.0632
		*TM_ROTAXIS 0.3803	-0.8781	0.2904
		*TM_ROTANGLE 1.6595
		*TM_SCALE 1.0000	1.0000	1.0000
		*TM_SCALEAXIS 0.0000	0.5584	0.8296
		*TM_SCALEAXISANG 0.0625
	}
*NODE_TM {
		*NODE_NAME "Bip01 R Hand"
		*INHERIT_POS 0 0 0
		*INHERIT_ROT 0 0 0
		*INHERIT_SCL 1 1 1
		*TM_ROW0 0.0633	-0.5417	-0.8382
		*TM_ROW1 0.9969	0.0727	0.0283
		*TM_ROW2 0.0457	-0.8374	0.5446
		*TM_ROW3 -0.6576	-2.2017	0.7068
		*TM_POS -0.6576	-2.2017	0.7068
		*TM_ROTAXIS -0.4385	-0.4477	0.7793
		*TM_ROTANGLE 1.7312
		*TM_SCALE 1.0000	1.0000	1.0000
		*TM_SCALEAXIS 0.0000	0.9396	-0.3423
		*TM_SCALEAXISANG 0.1001
	}
*NODE_TM {
		*NODE_NAME "Bip01 R Finger0"
		*INHERIT_POS 0 0 0
		*INHERIT_ROT 0 0 0
		*INHERIT_SCL 1 1 1
		*TM_ROW0 0.6048	-0.7292	-0.3200
		*TM_ROW1 -0.7356	-0.3577	-0.5753
		*TM_ROW2 0.3051	0.5834	-0.7527
		*TM_ROW3 -0.4587	-2.5919	0.5678
		*TM_POS -0.4587	-2.5919	0.5678
		*TM_ROTAXIS -0.8801	0.4748	0.0048
		*TM_ROTANGLE 3.8601
		*TM_SCALE 1.0000	1.0000	1.0000
		*TM_SCALEAXIS -0.1090	-0.9940	-0.0024
		*TM_SCALEAXISANG 0.7847
	}
*NODE_TM {
		*NODE_NAME "Bip01 R Finger01"
		*INHERIT_POS 0 0 0
		*INHERIT_ROT 0 0 0
		*INHERIT_SCL 1 1 1
		*TM_ROW0 0.1171	-0.8074	-0.5783
		*TM_ROW1 -0.9451	0.0883	-0.3146
		*TM_ROW2 0.3051	0.5834	-0.7527
		*TM_ROW3 -0.3238	-2.7546	0.4964
		*TM_POS -0.3238	-2.7546	0.4964
		*TM_ROTAXIS -0.7087	0.6971	0.1087
		*TM_ROTANGLE 3.8278
		*TM_SCALE 1.0000	1.0000	1.0000
		*TM_SCALEAXIS -0.3674	-0.0204	-0.9298
		*TM_SCALEAXISANG 0.3051
	}
*NODE_TM {
		*NODE_NAME "Bip01 R Finger02"
		*INHERIT_POS 0 0 0
		*INHERIT_ROT 0 0 0
		*INHERIT_SCL 1 1 1
		*TM_ROW0 -0.9451	0.0883	-0.3146
		*TM_ROW1 -0.1171	0.8074	0.5783
		*TM_ROW2 0.3051	0.5834	-0.7527
		*TM_ROW3 -0.2977	-2.9347	0.3674
		*TM_POS -0.2977	-2.9347	0.3674
		*TM_ROTAXIS 0.0078	-0.9492	-0.3146
		*TM_ROTANGLE 2.8091
		*TM_SCALE 1.0000	1.0000	1.0000
		*TM_SCALEAXIS -0.9848	0.1739	0.0000
		*TM_SCALEAXISANG 0.2782
	}
*NODE_TM {
		*NODE_NAME "Bip01 R Finger1"
		*INHERIT_POS 0 0 0
		*INHERIT_ROT 0 0 0
		*INHERIT_SCL 1 1 1
		*TM_ROW0 0.8954	-0.2157	-0.3895
		*TM_ROW1 0.4433	0.5134	0.7348
		*TM_ROW2 0.0415	-0.8306	0.5554
		*TM_ROW3 -0.6098	-2.6110	0.0733
		*TM_POS -0.6098	-2.6110	0.0733
		*TM_ROTAXIS -0.8933	-0.2459	0.3761
		*TM_ROTANGLE 1.0678
		*TM_SCALE 1.0000	1.0000	1.0000
		*TM_SCALEAXIS 0.2245	-0.0000	-0.9745
		*TM_SCALEAXISANG 0.3720
	}
*NODE_TM {
		*NODE_NAME "Bip01 R Finger11"
		*INHERIT_POS 0 0 0
		*INHERIT_ROT 0 0 0
		*INHERIT_SCL 1 1 1
		*TM_ROW0 0.5921	0.4682	0.6560
		*TM_ROW1 -0.8048	0.3016	0.5112
		*TM_ROW2 0.0415	-0.8306	0.5554
		*TM_ROW3 -0.4100	-2.6592	-0.0136
		*TM_POS -0.4100	-2.6592	-0.0136
		*TM_ROTAXIS -0.6884	0.3153	-0.6532
		*TM_ROTANGLE 1.3443
		*TM_SCALE 1.0000	1.0000	1.0000
		*TM_SCALEAXIS -0.0000	0.1506	-0.9886
		*TM_SCALEAXISANG 0.5792
	}
*NODE_TM {
		*NODE_NAME "Bip01 R Finger12"
		*INHERIT_POS 0 0 0
		*INHERIT_ROT 0 0 0
		*INHERIT_SCL 1 1 1
		*TM_ROW0 -0.7502	0.3413	0.5664
		*TM_ROW1 -0.6600	-0.4401	-0.6089
		*TM_ROW2 0.0415	-0.8306	0.5554
		*TM_ROW3 -0.2780	-2.5547	0.1327
		*TM_POS -0.2780	-2.5547	0.1327
		*TM_ROTAXIS -0.1924	0.4557	-0.8691
		*TM_ROTANGLE 2.5278
		*TM_SCALE 1.0000	1.0000	1.0000
		*TM_SCALEAXIS -0.0531	-0.0000	-0.9986
		*TM_SCALEAXISANG 0.4304
	}
*NODE_TM {
		*NODE_NAME "Bip01 Bone61"
		*INHERIT_POS 0 0 0
		*INHERIT_ROT 0 0 0
		*INHERIT_SCL 0 0 0
		*TM_ROW0 0.0087	-0.8262	0.5633
		*TM_ROW1 -0.0388	0.5627	0.8258
		*TM_ROW2 -0.9992	-0.0291	-0.0272
		*TM_ROW3 -0.4825	-1.4401	-0.5986
		*TM_POS -0.4825	-1.4401	-0.5986
		*TM_ROTAXIS -0.4390	0.8024	0.4043
		*TM_ROTANGLE 1.8007
		*TM_SCALE 1.0000	1.0000	1.0000
		*TM_SCALEAXIS -0.9418	-0.0571	-0.3314
		*TM_SCALEAXISANG 0.6256
	}
*NODE_TM {
		*NODE_NAME "Bip01 Bone62"
		*INHERIT_POS 0 0 0
		*INHERIT_ROT 0 0 0
		*INHERIT_SCL 0 0 0
		*TM_ROW0 0.0087	-0.8262	0.5633
		*TM_ROW1 -0.0388	0.5627	0.8258
		*TM_ROW2 -0.9992	-0.0291	-0.0272
		*TM_ROW3 -0.3873	-10.4602	5.5520
		*TM_POS -0.3873	-10.4602	5.5520
		*TM_ROTAXIS -0.4390	0.8024	0.4043
		*TM_ROTANGLE 1.8007
		*TM_SCALE 1.0000	1.0000	1.0000
		*TM_SCALEAXIS -0.9418	-0.0571	-0.3314
		*TM_SCALEAXISANG 0.6256
	}
*NODE_TM {
		*NODE_NAME "Bip01 L Thigh"
		*INHERIT_POS 0 0 0
		*INHERIT_ROT 0 0 0
		*INHERIT_SCL 1 1 1
		*TM_ROW0 0.0802	0.0698	-0.9943
		*TM_ROW1 0.9402	-0.3365	0.0522
		*TM_ROW2 -0.3309	-0.9391	-0.0926
		*TM_ROW3 0.5365	1.1256	-0.2190
		*TM_POS 0.5365	1.1256	-0.2190
		*TM_ROTAXIS -0.6713	-0.4493	0.5895
		*TM_ROTANGLE 2.3110
		*TM_SCALE 1.0000	1.0000	1.0000
		*TM_SCALEAXIS 0.9838	-0.0000	0.1790
		*TM_SCALEAXISANG 0.2274
	}
*NODE_TM {
		*NODE_NAME "Bip01 L Calf"
		*INHERIT_POS 0 0 0
		*INHERIT_ROT 0 0 0
		*INHERIT_SCL 1 1 1
		*TM_ROW0 -0.0434	0.1132	-0.9926
		*TM_ROW1 0.9426	-0.3245	-0.0783
		*TM_ROW2 -0.3309	-0.9391	-0.0926
		*TM_ROW3 0.8082	1.3619	-3.5857
		*TM_POS 0.8082	1.3619	-3.5857
		*TM_ROTAXIS -0.6300	-0.4843	0.6071
		*TM_ROTANGLE 2.3895
		*TM_SCALE 1.0000	1.0000	1.0000
		*TM_SCALEAXIS 0.9173	-0.3983	0.0000
		*TM_SCALEAXISANG 0.3295
	}
*NODE_TM {
		*NODE_NAME "Bip01 L Foot"
		*INHERIT_POS 0 0 0
		*INHERIT_ROT 0 0 0
		*INHERIT_SCL 1 1 1
		*TM_ROW0 0.0000	0.0000	-1.0000
		*TM_ROW1 0.9063	-0.4226	0.0000
		*TM_ROW2 -0.4226	-0.9063	-0.0000
		*TM_ROW3 0.6515	1.7703	-7.1655
		*TM_POS 0.6515	1.7703	-7.1655
		*TM_ROTAXIS -0.6447	-0.4107	0.6447
		*TM_ROTANGLE 2.3622
		*TM_SCALE 1.0000	1.0000	1.0000
		*TM_SCALEAXIS -0.0838	0.0000	-0.9965
		*TM_SCALEAXISANG 0.1677
	}
*NODE_TM {
		*NODE_NAME "Bip01 L Toe0"
		*INHERIT_POS 0 0 0
		*INHERIT_ROT 0 0 0
		*INHERIT_SCL 1 1 1
		*TM_ROW0 0.9063	-0.4226	0.0000
		*TM_ROW1 -0.0000	-0.0000	1.0000
		*TM_ROW2 -0.4226	-0.9063	-0.0000
		*TM_ROW3 1.5330	1.3592	-8.5191
		*TM_POS 1.5330	1.3592	-8.5191
		*TM_ROTAXIS -0.9542	0.2115	0.2115
		*TM_ROTANGLE 1.6177
		*TM_SCALE 1.0000	1.0000	1.0000
		*TM_SCALEAXIS -0.0658	0.1650	-0.9841
		*TM_SCALEAXISANG 0.0874
	}
*NODE_TM {
		*NODE_NAME "Bip01 R Thigh"
		*INHERIT_POS 0 0 0
		*INHERIT_ROT 0 0 0
		*INHERIT_SCL 1 1 1
		*TM_ROW0 0.0104	-0.3716	-0.9283
		*TM_ROW1 0.1728	-0.9137	0.3677
		*TM_ROW2 -0.9849	-0.1643	0.0547
		*TM_ROW3 -0.5404	0.2264	-0.4825
		*TM_POS -0.5404	0.2264	-0.4825
		*TM_ROTAXIS 0.6970	-0.0741	-0.7133
		*TM_ROTANGLE 3.5332
		*TM_SCALE 1.0000	1.0000	1.0000
		*TM_SCALEAXIS -0.9485	0.3168	-0.0000
		*TM_SCALEAXISANG 0.1000
	}
*NODE_TM {
		*NODE_NAME "Bip01 R Calf"
		*INHERIT_POS 0 0 0
		*INHERIT_ROT 0 0 0
		*INHERIT_SCL 1 1 1
		*TM_ROW0 -0.0828	0.1690	-0.9821
		*TM_ROW1 0.1521	-0.9718	-0.1800
		*TM_ROW2 -0.9849	-0.1643	0.0547
		*TM_ROW3 -0.5052	-1.0318	-3.6258
		*TM_POS -0.5052	-1.0318	-3.6258
		*TM_ROTAXIS 0.6772	0.1185	-0.7262
		*TM_ROTANGLE 3.1300
		*TM_SCALE 1.0000	1.0000	1.0000
		*TM_SCALEAXIS -0.8081	-0.5891	-0.0000
		*TM_SCALEAXISANG 0.1270
	}
*NODE_TM {
		*NODE_NAME "Bip01 R Foot"
		*INHERIT_POS 0 0 0
		*INHERIT_ROT 0 0 0
		*INHERIT_SCL 1 1 1
		*TM_ROW0 -0.0000	0.0000	-1.0000
		*TM_ROW1 0.1737	-0.9848	-0.0000
		*TM_ROW2 -0.9848	-0.1737	0.0000
		*TM_ROW3 -0.8036	-0.4224	-7.1678
		*TM_POS -0.8036	-0.4224	-7.1678
		*TM_ROTAXIS 0.7058	0.0617	-0.7058
		*TM_ROTANGLE 3.2649
		*TM_SCALE 1.0000	1.0000	1.0000
		*TM_SCALEAXIS -0.9974	0.0726	0.0000
		*TM_SCALEAXISANG 0.1446
	}
*NODE_TM {
		*NODE_NAME "Bip01 R Toe0"
		*INHERIT_POS 0 0 0
		*INHERIT_ROT 0 0 0
		*INHERIT_SCL 1 1 1
		*TM_ROW0 0.1737	-0.9848	-0.0000
		*TM_ROW1 0.0000	-0.0000	1.0000
		*TM_ROW2 -0.9848	-0.1737	0.0000
		*TM_ROW3 -0.6347	-1.3802	-8.5214
		*TM_POS -0.6347	-1.3802	-8.5214
		*TM_ROTAXIS -0.6444	0.5407	0.5407
		*TM_ROTANGLE 1.9967
		*TM_SCALE 1.0000	1.0000	1.0000
		*TM_SCALEAXIS -0.0000	0.9996	0.0298
		*TM_SCALEAXISANG 0.2941
	}
*NODE_TM {
		*NODE_NAME "Bip01 Bone08"
		*INHERIT_POS 0 0 0
		*INHERIT_ROT 0 0 0
		*INHERIT_SCL 0 0 0
		*TM_ROW0 0.0519	-0.1812	-1.0212
		*TM_ROW1 0.7942	0.6037	-0.0746
		*TM_ROW2 0.6054	-0.7764	0.1846
		*TM_ROW3 0.0265	-0.6019	0.4493
		*TM_POS 0.0265	-0.6019	0.4493
		*TM_ROTAXIS -0.3540	-0.7965	0.4902
		*TM_ROTANGLE 1.6551
		*TM_SCALE 1.0405	1.0000	1.0000
		*TM_SCALEAXIS -0.1844	-0.8931	-0.4103
		*TM_SCALEAXISANG 0.2331
	}
*NODE_TM {
		*NODE_NAME "Bip01 Bone11"
		*INHERIT_POS 0 0 0
